[1,["baksN0ny5Ajbzh34OoiqXK@f9941","58zz2z5vRJQ6B2JhV5EkKc","44XV2dxWtFKLyQyEc1fl2U@ab65f","1brw/JvvpFnIvdrxpFCgMZ","50c14gchFOnLZ2TWSM3Ay7@b6423","90+GVzW69B4pfbhgTR9Ctl@a9630","cdYY3lWfxImbpPVRlfPiTO@6c48a","99et/B3p5BgrZO5CfEzduf@f9941","6c1OjBtj9Lu7PbsyP6CLQ1","d3x4IMKphEKYvHuEU7yaxB","12Y9dMgWdJKJGmTiZyQR9H@2e76e","5fTdeYKuZLv4S0UEu2zOrt@6c48a","3a+b4vk9JBoLe3PMAwVLNK@6c48a","02bEoV4H1AU4ben5/jAYjl@6c48a","7egaiZbHxJPYDP5Pcw5PSP","fbmCWg/X9IxbEhmvkPnyAR@72704","5b7p8Ml3FOc7DqC7ttpnaY@a865e","a8c6dCtQNKloVwb+VCaXA1@57e42","ca8XLfA7dMWopTk/PkvlFG@5ecd9","27rEEsnvpOrY4s/mUzx4eP@96245","50HaPF8thF97wEUTDViBH/@cd579","1c9zKTPhBJwb+hWdqq29GL@b452c","58yf2/3klBQYP6mtg/eFkc@b940a","b1yzLmyMlAyZ1SEZ2uQWsy@0a7b5","89ScHxmytBjLFQYRqUVDQW@6c48a","19gZFizj9PfIiJiy81vydM@6c48a"],["node","_parent","_spriteFrame","_mesh","_effectAsset","root","albedoMap","normalMap","_skeleton","_cameraComponent","role","ctrlSprite","camera","target","scene","asset","emissiveMap","data","_defaultClip","pbrMap","metallicRoughnessMap"],[["cc.Node",["_name","_layer","_id","_objFlags","__editorExtras__","_active","_parent","_components","_lpos","_prefab","_children","_lrot","_euler","_lscale"],-3,1,9,5,4,2,5,5,5],["cc.Node",["_name","_id","_layer","_parent","_components","_lpos","_lrot","_euler","_children","_prefab"],0,1,2,5,5,5,12,4],["cc.UITransform",["node","_contentSize"],3,1,5],["cc.PrefabInfo",["fileId","root","instance","asset","targetOverrides","nestedPrefabInstanceRoots"],2,1,4,6,9,2],["cc.Camera",["_visibility","_name","_projection","_priority","_far","_clearFlags","_color","node"],-3,5,1],["cc.Material",["_states","_defines","_techIdx","_props"],0,12],["cc.SkinnedMeshRenderer",["_shadowCastingMode","node","__prefab","_materials","lightmapSettings","_skinningRoot","_mesh","_skeleton"],2,1,4,3,4,1,6,6],["cc.Mesh",["_native","_hash","_struct"],1,11],["cc.SceneAsset",["_name"],2],["cc.Node",["_name","_parent","_children","_prefab","_lpos","_lrot","_euler"],2,1,9,4,5,5,5],["cc.Canvas",["node","_cameraComponent"],3,1,1],["03934dWrlVKLJIbpPCFClz3",["node","ctrlSprite","role","originPos"],3,1,1,1,5],["cc.Widget",["_alignFlags","node"],2,1],["cc.PrefabInfo",["fileId","root","asset"],2,1,1],["cc.PrefabInstance",["fileId","prefabRootNode","propertyOverrides"],1,9],["CCPropertyOverrideInfo",["propertyPath","targetInfo","value"],2,4,8],["CCPropertyOverrideInfo",["value","propertyPath","targetInfo"],1,4],["CCPropertyOverrideInfo",["propertyPath","targetInfo","value"],2,4,4],["CCPropertyOverrideInfo",["propertyPath","targetInfo","value"],2,4,3],["cc.TargetInfo",["localID"],2],["cc.ModelLightmapSettings",[],3],["cc.Scene",["_children","_prefab","_globals"],3,2,4,4],["cc.TargetOverrideInfo",["propertyPath","source","sourceInfo","target","targetInfo"],2,1,4,1,4],["cc.SceneGlobals",["ambient","shadows","_skybox","fog","octree"],3,4,4,4,4,4],["cc.AmbientInfo",["_skyIllumLDR","_skyColorHDR","_skyColorLDR"],2,5,5],["cc.ShadowsInfo",["_firstSetCSM","_bias","_near","_far","_saturation"],-2],["cc.SkyboxInfo",[],3],["cc.FogInfo",["_fogColor"],3,5],["cc.OctreeInfo",[],3],["cc.Label",["_actualFontSize","_lineHeight","_overflow","node"],0,1],["7b93dQiRfVEcq+OvZoAVmnO",["distance","node","target","camera"],2,1,1,1],["cc.Sprite",["_sizeMode","node","_spriteFrame"],2,1,6],["cc.DirectionalLight",["_illuminanceLDR","node","_staticSettings"],2,1,4],["cc.StaticLightSettings",[],3],["cc.MeshRenderer",["_name","node","_materials","lightmapSettings","_mesh"],2,1,3,4,6],["cc.Material",["_props","_defines"],1],["cc.Prefab",["_name"],2],["cc.SkeletalAnimation",["_name","playOnLoad","node","__prefab","_clips","_defaultClip"],1,1,4,3,6],["cc.CompPrefabInfo",["fileId"],2],["cc.Animation",["node","__prefab"],3,1,4],["cc.Skeleton",["_name","_hash","_joints","_bindposes"],0,12]],[[13,0,1,2,2],[0,0,6,10,9,8,11,12,2],[19,0,2],[0,0,6,9,8,11,12,2],[9,0,1,2,3,4,5,6,2],[2,0,1,1],[16,0,1,2,3],[20,1],[31,0,1,2,2],[38,0,2],[7,0,1,2,3],[0,0,1,6,7,8,11,12,3],[0,0,10,9,8,11,12,2],[0,0,1,6,7,3],[15,0,1,2,2],[17,0,1,2,2],[22,0,1,2,3,4,2],[8,0,2],[0,0,1,2,10,7,8,4],[0,0,1,6,10,7,8,3],[0,3,4,9,3],[0,0,2,6,10,8,11,12,3],[0,0,1,6,7,8,3],[0,0,2,6,7,3],[0,0,6,8,2],[0,0,2,6,7,13,3],[0,0,10,7,9,8,11,12,2],[0,0,6,10,7,9,2],[0,0,5,6,7,9,8,3],[0,0,6,7,9,2],[0,0,6,10,9,11,12,2],[1,0,1,3,4,5,6,7,3],[1,0,2,3,4,3],[1,0,8,9,5,6,7,2],[2,0,1],[10,0,1,1],[11,0,1,2,3,1],[12,0,1,2],[3,0,1,2,3,2],[3,4,5,1],[14,0,1,2,3],[18,0,1,2,2],[21,0,1,2,1],[23,0,1,2,3,4,1],[24,0,1,2,2],[25,0,1,2,3,4,6],[26,1],[27,0,1],[28,1],[29,0,1,2,3,4],[30,0,1,2,3,2],[32,0,1,2,2],[33,1],[4,1,0,6,3],[4,2,3,4,5,0,7,6,6],[34,0,1,2,3,4,2],[5,0,1,3,3],[5,2,0,1,3,4],[35,0,1,3],[36,0,2],[37,0,1,2,3,4,5,3],[39,0,1,1],[6,1,2,3,4,5,6,7,1],[6,0,1,2,3,4,5,6,7,2],[40,0,1,2,3,4]],[[[[10,".bin",3219909449,[{"primitives":[{"primitiveMode":7,"vertexBundelIndices":[0],"indexView":{"offset":6776,"length":2400,"count":600,"stride":4}}],"vertexBundles":[{"view":{"offset":0,"length":6776,"count":121,"stride":56},"attributes":[{"name":"a_position","format":32,"isNormalized":false},{"name":"a_normal","format":32,"isNormalized":false},{"name":"a_texCoord","format":21,"isNormalized":false},{"name":"a_tangent","format":44,"isNormalized":false},{"name":"a_texCoord1","format":21,"isNormalized":false}]}]},"minPosition",8,[1,-5,0,-5],"maxPosition",8,[1,5,0,5]]],-1],0,0,[],[],[]],[[[17,"rocker"],[18,"Canvas",524288,"61hTjIAzxEFpAv0PCAdLf6",[-8,-9,-10],[[5,-1,[5,640,960]],[35,-3,-2],[36,-6,-5,-4,[1,-200,-360,0]],[37,45,-7]],[1,320,480,0]],[19,"ctrl",524288,1,[-12,-13,-14,-15,-16],[[5,-11,[5,130,130]]],[1,-200,-360,0]],[20,0,null,[38,"a1neOoI9JPe45MvlxJ49KN",-17,[40,"2cSCfCc4pJRaGuAv+1xksl",null,[[14,["position"],[2,["a1neOoI9JPe45MvlxJ49KN"]],[1,0,0,0]],[14,["rotation"],[2,["a1neOoI9JPe45MvlxJ49KN"]],[3,0,0,0,1]],[6,[null],["_materials"],[2,["75ru0Cl7pBIYFxqj9LneO5"]]],[15,["lightmapSettings"],[2,["75ru0Cl7pBIYFxqj9LneO5"]],[7]],[6,1,["_shadowReceivingMode"],[2,["75ru0Cl7pBIYFxqj9LneO5"]]],[6,true,["_enableMorph"],[2,["75ru0Cl7pBIYFxqj9LneO5"]]],[15,["lightmapSettings"],[2,["eeFZbK2RBLy4QobALD+gMU"]],[7]],[6,1,["_shadowReceivingMode"],[2,["eeFZbK2RBLy4QobALD+gMU"]]],[6,true,["_enableMorph"],[2,["eeFZbK2RBLy4QobALD+gMU"]]],[41,["_clips"],[2,["52StG8XKNHQKBn89CZwl3F"]],[6,7]],[6,true,["_useBakedAnimation"],[2,["52StG8XKNHQKBn89CZwl3F"]]]]],5]],[42,[-18,1,-19,-20,-21],[39,[[16,["_skinningRoot"],3,[2,["52StG8XKNHQKBn89CZwl3F"]],3,[2,["a1neOoI9JPe45MvlxJ49KN"]]],[16,["_skinningRoot"],3,[2,["52StG8XKNHQKBn89CZwl3F"]],3,[2,["a1neOoI9JPe45MvlxJ49KN"]]]],[3]],[43,[44,0.78125,[2,0.2,0.5019607843137255,0.8,0.520833125],[2,0.2,0.5019607843137255,0.8,0.520833125]],[45,true,0.1,1,30,0.2980392156862745],[46],[47,[4,4292993505]],[48]]],[13,"map-label",524288,1,[[5,-22,[5,100,50]],[49,40,50,2,-23],[50,10,-26,-25,-24]]],[21,"role","19Etl4DslPOJGC79nOiaHq",4,[3,-27],[1,0,2,0],[3,0,0.7071067811865475,0,0.7071067811865476],[1,0,90,0]],[13,"main",524288,2,[[34,-28],[8,0,-29,0]]],[22,"arrow",524288,2,[[5,-30,[5,20,20]],[8,0,-31,1]],[1,0,59.477,0]],[11,"arrow",524288,2,[[5,-32,[5,20,20]],[8,0,-33,2]],[1,-54.192,4.906,0],[3,0,0,0.7071067811865475,0.7071067811865476],[1,0,0,90]],[11,"arrow",524288,2,[[5,-34,[5,20,20]],[8,0,-35,3]],[1,54.412,1.476,0],[3,0,0,-0.7071067811865475,0.7071067811865476],[1,0,0,-90]],[11,"arrow",524288,2,[[5,-36,[5,20,20]],[8,0,-37,4]],[1,0,-52.388,0],[3,0,0,1,6.123233995736766e-17],[1,0,0,180]],[23,"Main Light","c0y6F5f+pAvI805TdmxIjx",4,[[51,1.6927083333333335,-38,[52]]]],[24,"head",6,[1,0,5.277,0]],[53,"Camera<Camera>",1820327937,[4,4286073907]],[31,"Camera","c9DMICJLFO5IeO07EPon7U",4,[14],[1,0,14.282,27.541],[3,-0.12638941808714224,-3.508011050733013e-18,2.7532995409559588e-17,0.9919807029350891],[1,-14.522,0,3.1805546814635168e-15]],[32,"UICamera_Canvas",524288,1,[-39]],[54,0,1073741824,2000,0,42467328,16,[4,0]],[25,"plane","642sOGtSxFC7YL2OR8IBmY",4,[[55,"Plane<MeshRenderer>",-40,[8],[7],9]],[1,200,1,200]]],0,[0,0,1,0,9,17,0,0,1,0,10,6,0,11,2,0,0,1,0,0,1,0,-1,2,0,-2,5,0,-3,16,0,0,2,0,-1,7,0,-2,8,0,-3,9,0,-4,10,0,-5,11,0,5,3,0,-1,12,0,-3,18,0,-4,6,0,-5,15,0,0,5,0,0,5,0,12,14,0,13,13,0,0,5,0,-2,13,0,0,7,0,0,7,0,0,8,0,0,8,0,0,9,0,0,9,0,0,10,0,0,10,0,0,11,0,0,11,0,0,12,0,-1,17,0,0,18,0,14,4,1,1,4,3,1,6,14,0,15,40],[0,0,0,0,0,0,0,0,0,0],[2,2,2,2,2,15,-1,-2,-1,3],[7,0,0,0,0,8,2,4,9,10]],[[[56,[{"blendState":{"targets":[{}]},"depthStencilState":{},"rasterizerState":{}}],[{"USE_NORMAL_MAP":true,"USE_ALBEDO_MAP":true,"USE_EMISSIVE_MAP":true,"OCCLUSION_CHANNEL":"b","ROUGHNESS_CHANNEL":"r","METALLIC_CHANNEL":"g","USE_SKINNING":true}],[[[{"occlusion":1,"roughness":0.8,"metallic":0.6},"albedoMap",6,0,"normalMap",6,1,"emissiveMap",6,2]],11]]],0,0,[0,0,0,0],[6,7,16,4],[11,12,13,3]],[[[10,".bin",1653151907,[{"primitives":[{"primitiveMode":7,"jointMapIndex":0,"vertexBundelIndices":[0],"indexView":{"offset":149616,"length":13722,"count":6861,"stride":2}},{"primitiveMode":7,"jointMapIndex":1,"vertexBundelIndices":[1],"indexView":{"offset":192210,"length":2304,"count":1152,"stride":2}},{"primitiveMode":7,"jointMapIndex":2,"vertexBundelIndices":[2],"indexView":{"offset":286962,"length":8064,"count":4032,"stride":2}},{"primitiveMode":7,"jointMapIndex":3,"vertexBundelIndices":[3],"indexView":{"offset":421242,"length":11196,"count":5598,"stride":2}}],"vertexBundles":[{"view":{"offset":0,"length":149616,"count":2078,"stride":72},"attributes":[{"name":"a_position","format":32,"isNormalized":false},{"name":"a_normal","format":32,"isNormalized":false},{"name":"a_texCoord","format":21,"isNormalized":false},{"name":"a_tangent","format":44,"isNormalized":false},{"name":"a_joints","format":42,"isNormalized":false},{"name":"a_weights","format":44,"isNormalized":false}]},{"view":{"offset":163338,"length":28872,"count":401,"stride":72},"attributes":[{"name":"a_position","format":32,"isNormalized":false},{"name":"a_normal","format":32,"isNormalized":false},{"name":"a_texCoord","format":21,"isNormalized":false},{"name":"a_tangent","format":44,"isNormalized":false},{"name":"a_joints","format":42,"isNormalized":false},{"name":"a_weights","format":44,"isNormalized":false}]},{"view":{"offset":194514,"length":92448,"count":1284,"stride":72},"attributes":[{"name":"a_position","format":32,"isNormalized":false},{"name":"a_normal","format":32,"isNormalized":false},{"name":"a_texCoord","format":21,"isNormalized":false},{"name":"a_tangent","format":44,"isNormalized":false},{"name":"a_joints","format":42,"isNormalized":false},{"name":"a_weights","format":44,"isNormalized":false}]},{"view":{"offset":295026,"length":126216,"count":1753,"stride":72},"attributes":[{"name":"a_position","format":32,"isNormalized":false},{"name":"a_normal","format":32,"isNormalized":false},{"name":"a_texCoord","format":21,"isNormalized":false},{"name":"a_tangent","format":44,"isNormalized":false},{"name":"a_joints","format":42,"isNormalized":false},{"name":"a_weights","format":44,"isNormalized":false}]}],"jointMaps":[[0,1,2,3,5,6,7,8,9,10,11,12,13,14,15,16,24,25,26,27,31,34,37,40,44,45,48,49],[0,6,7,8,9,10,11,12,13,14,15,16,17,18,19,20,21,22,23,26,27,28,29,30,31,32,33,34,35],[0,3,7,8,25,26,27,28,29,30,31,32,33,34,35,36,37,38,39,40,41,42,44,45,46,47,48,49,50,51],[0,1,2,3,5,6,24,25,43,50,51]]},"minPosition",8,[1,-1.1286969184875488,0.0004072114825248718,-0.9644851088523865],"maxPosition",8,[1,1.1280615329742432,4.430077075958252,0.6853569149971008]]],-1],0,0,[],[],[]],[[[59,"Cocos"],[26,"Cocos",[-3,-4,-5],[[60,"Cocos<SkeletalAnimation>",true,-2,[9,"52StG8XKNHQKBn89CZwl3F"],[9,10,11,12,13,14,15,16,17],18]],[0,"a1neOoI9JPe45MvlxJ49KN",-1,0],[1,0,-1,0],[3,0,0.7071067811865475,0,0.7071067811865476],[1,0,90,0]],[12,"Bip002 L Hand",[-6,-7,-8,-9,-10],[0,"2fyjSbQ7xI85868cDi1BON",1,0],[1,0.47114282846450806,0,0],[3,-0.7817653287697258,0.1683952333366485,-0.08155837519558504,0.5948396822325442],[1,-104.63046774967047,4.477105279013093,-21.119814351765044]],[12,"Bip002 R Hand",[-11,-12,-13,-14,-15],[0,"6fYu5zukpPj64dc26lAoJa",1,0],[1,0.4711427092552185,0,0],[3,0.7817653292447713,0.16839523343897508,0.08155836779456409,0.5948396825940029],[1,104.63046763851519,4.477105986515138,21.119813834233387]],[12,"Bip002 Spine",[-16,-17,-18],[0,"8deDWIEsNAVZotnnzWCMVu",1,0],[1,0.252804160118103,3.5096945794066414e-7,0.0002744346857070923],[3,-0.0000020804759106072992,0.0003981590192705819,6.93676086032503e-7,0.9999999207322898],[1,-0.00023843660864713534,0.04562566412936542,0.00007939449476443857]],[33,"Bip002 Neck",[[-19,-20,[3,"Bip002 Head",-21,[0,"70Uyg4SgBNgZyTos+JFACM",1,0],[1,0.18754291534423828,0,-1.4901161193847656e-8],[3,-8.786147143705162e-14,-0.03122232576672472,-8.659632757083116e-8,0.9995124643413452],[1,-3.098357017926332e-7,-3.5783965369060278,-0.000009918369950092832]]],1,1,4],[0,"48O3/ZnNFOtq3YdFKY9bYC",1,0],[1,0.665433406829834,-4.1106318349193316e-10,0.0001481771469116211],[3,-2.669600780358255e-15,0.06157424794471617,1.7078236050205865e-7,0.9981025057527976],[1,-0.000001205021695781177,7.060355294193349,0.000019533082551195423]],[27,"cocos_skel",1,[-23],[[61,-22,[9,"ecNfan2iZANIa6ctP+N9aF"]]],[0,"92S/coEk5NapT3zNiST/js",1,0]],[28,"Helmet",false,1,[[62,-24,[9,"75ru0Cl7pBIYFxqj9LneO5"],[0],[7],1,1,2]],[0,"08w+mQintPPJni7B5pVUA9",1,0],[1,0,0,0.078]],[29,"Body",1,[[63,1,-25,[9,"eeFZbK2RBLy4QobALD+gMU"],[3,4,5,6],[7],1,7,8]],[0,"c5+3Gei8tMXZoufi9OMMmd",1,0]],[1,"Bip002",6,[-26],[0,"a18b0WSP1IJYLSp2LzpK6G",1,0],[1,0,1.4394174814224243,0.018384279683232307],[3,0,-0.7071062745468981,0,0.7071072878258339],[1,0,-89.99991789555972,0]],[30,"Bip002 Pelvis",9,[4],[0,"b3I01gYUpG7L3rkY/Mibc5",1,0],[3,-0.49999930709576956,-0.49999999254917427,0.49999999254917427,0.5000007078049009],[1,0,-89.99983949055928,90]],[1,"Bip002 Spine1",4,[5],[0,"2cIfzNQt9D2pv5w60GTFAu",1,0],[1,0.3447195291519165,-9.74392122543577e-10,0.0003513079136610031],[3,-2.7546581747168357e-14,-0.03077978788265575,-8.537083465802896e-8,0.999526190081026],[1,-3.011149572685769e-7,-3.5276610445001966,-0.000009778141764872751]],[1,"Bip002 L Clavicle",5,[-27],[0,"7cXdrNZBZD8LJU7Yk+guQM",1,0],[1,-0.23000192642211914,0.22659029066562653,0.028323352336883545],[3,-0.6361306084451803,-0.7690886582797952,-0.039499043019708864,-0.04775259474705402],[1,-0.0008424411902544296,172.89484678972258,79.18984857171966]],[1,"Bip002 L UpperArm",12,[-28],[0,"55gwDaMHdCELN99NqjrXTf",1,0],[1,0.26367461681365967,0,-1.4901161193847656e-8],[3,0.03357857419689301,-0.0398420723278534,-0.37206974115274943,0.9267411700933825],[1,2.58846521639648,-3.8824087528549023,-43.81248042439644]],[1,"Bip002 L Forearm",13,[2],[0,"5bGul9+4VOypjomb2RRYPn",1,0],[1,0.5116827487945557,0,7.450580596923828e-9],[3,3.595055336630338e-9,-0.12936039168638325,-8.65297959901121e-9,0.9915976447444527],[1,2.802331504559222e-7,-14.8652667455545,-0.0000010365186908483014]],[1,"Bip002 L Finger0",2,[-29],[0,"c5VzuQWgNOsrF2rrJeuq8C",1,0],[1,0.06814885139465332,-0.1017833948135376,-0.06761693954467773],[3,0.6496226701202772,0.13313679220106886,-0.27934604511816163,0.6944283750719386],[1,90.00514239541948,34.12255839711849,-12.415191931135967]],[4,"Bip002 L Finger01",15,[[3,"Bip002 L Finger02",-30,[0,"cfOm3mUKxHZpbykpHeldRB",1,0],[1,0.07074201107025146,-1.1920928955078125e-7,0],[3,1.8324129233223919e-9,0.06414267544090939,-3.0466139086633286e-9,0.9979407383142961],[1,2.3193990135916585e-7,7.35525867313462,-3.349286975641872e-7]]],[0,"ee/oE2fthDvpZjxb8j87lp",1,0],[1,0.07074236869812012,5.960464477539063e-8,0],[3,-6.301759601313711e-9,0.11640221704419262,1.7627159851268195e-9,0.9932021565961265],[1,-7.407319011787383e-7,13.36901877485849,1.1656190691351391e-7]],[1,"Bip002 L Finger1",2,[-31],[0,"ecRF2OO+1Kg6ZHFc6ngoEu",1,0],[1,0.25803840160369873,-0.07605993747711182,0.000060439109802246094],[3,0.06533004228890654,0.1550997319427988,-0.010403928164399058,0.9856813973107901],[1,7.586134386714674,17.88558687467142,-0.014012989797106726]],[4,"Bip002 L Finger11",17,[[3,"Bip002 L Finger12",-32,[0,"50tWSvEf9Fm55wIO/kXA6+",1,0],[1,0.06295216083526611,-5.960464477539063e-8,5.960464477539063e-8],[3,9.683549130913256e-9,0.11640222439382181,3.0495184335786466e-9,0.993202155734758],[1,0.0000010614330943463798,13.36901962282832,4.76239647768404e-7]]],[0,"81228lZ3FD7q1EgLlhKhs+",1,0],[1,0.06295228004455566,0,0],[3,-1.8788470906461414e-9,0.11640221704419262,3.4289460392435338e-9,0.9932021565961265],[1,-2.595741635394667e-7,13.369018774858489,3.651958082463327e-7]],[1,"Bip002 L Finger2",2,[-33],[0,"2aPHIeH9FP+7frqZX7ZIoj",1,0],[1,0.2580385208129883,-0.025353312492370605,0.00002014636993408203],[3,0.0042401966213926326,0.2556978438501499,0.01738229190274643,0.9665911696840623],[1,-0.039683012266759236,29.635441592310343,2.0499966555654097]],[4,"Bip002 L Finger21",19,[[3,"Bip002 L Finger22",-34,[0,"7dSNVzKQxPcbtnBEaIEB+c",1,0],[1,0.06567466259002686,0,0],[3,-4.196536333144121e-9,0.12609809280913337,6.279188991271274e-9,0.992017777557388],[1,-5.677819697538621e-7,14.488347335565956,6.531594968063432e-7]]],[0,"a8xnnQj4RKWYjzo1x9v30f",1,0],[1,0.0569310188293457,0,-5.960464477539063e-8],[3,-1.879008444213511e-9,0.1260981221375761,-5.042347711207478e-9,0.9920177738293688],[1,-1.4073896886606418e-7,14.48835072340038,-6.003495308011543e-7]],[1,"Bip002 L Finger3",2,[-35],[0,"e3fSt5hg1CgpDj5bwWcSD/",1,0],[1,0.25801753997802734,0.03340023756027222,-0.00006508827209472656],[3,-0.05963092233274884,0.3167688812568696,0.08301036715765372,0.9429798024949254],[1,-9.568603704205783,37.708400576456086,6.821453378192049]],[4,"Bip002 L Finger31",21,[[3,"Bip002 L Finger32",-36,[0,"1bSRt8xYdMN7+sCEFD6LR6",1,0],[1,0.05428910255432129,-2.9802322387695312e-8,0],[3,-2.413381305187966e-9,0.07800656662404377,2.510812036653885e-9,0.9969528452055937],[1,-2.981543089612157e-7,8.947984562719617,2.652681849571953e-7]]],[0,"baERHNBGVLl72Ownxu6ZQ0",1,0],[1,0.04921448230743408,2.9802322387695312e-8,5.960464477539063e-8],[3,7.25791116532672e-10,0.15822037337903314,-1.356164119535318e-9,0.9874038249104565],[1,1.0671014845393109e-7,18.207230800284727,-1.40288337685695e-7]],[1,"Bip002 L Finger4",2,[-37],[0,"d6muAxrXBLFK8dAV+1rmFI",1,0],[1,0.24704039096832275,0.08190596103668213,-0.019670486450195312],[3,-0.0868145707558189,0.24745159160800334,0.048052826466605275,0.9638059275516617],[1,-11.032304263426557,29.07365775053084,2.846616324665754]],[4,"Bip002 L Finger41",23,[[3,"Bip002 L Finger42",-38,[0,"faDpyFtGxHJbNMHmkni93+",1,0],[1,0.03881120681762695,0,5.960464477539063e-8],[3,8.813586594615997e-10,0.11640220969456343,3.353601200164617e-9,0.993202157457495],[1,5.557699000156113e-8,13.369017926888654,3.9343820529302227e-7]]],[0,"c1dGEnlTdKSJI2DFSBS02j",1,0],[1,0.038811326026916504,0,-1.1920928955078125e-7],[3,-5.000861976308559e-9,0.11640222439382181,-5.896313694376953e-9,0.993202155734758],[1,-4.905117886222559e-7,13.369019622828322,-7.377797539020772e-7]],[1,"Bip002 R Clavicle",5,[-39],[0,"682YiTEqFHWLDY6SI1LKbb",1,0],[1,-0.23000192642211914,-0.22659046947956085,0.02832210063934326],[3,0.6361305082140936,-0.7690887408292874,0.03949691333207712,-0.04775436195928766],[1,-0.0008402105032285468,172.89319349414328,-79.18981406818966]],[1,"Bip002 R UpperArm",25,[-40],[0,"ddy6WzYfNIwoReERS6lbAX",1,0],[1,0.2636745870113373,0,-7.450580596923828e-9],[3,-0.033578574201876855,-0.039842068608476645,0.37206974120797326,0.9267411702309325],[1,-2.5884654373438716,-3.8824082042793497,43.81248042084942]],[1,"Bip002 R Forearm",26,[3],[0,"3dBakgtOdFW7vl77V+n7ng",1,0],[1,0.5116827487945557,0,1.4901161193847656e-8],[3,-2.8218932527204763e-10,-0.12936039168638322,2.3248222722025306e-8,0.9915976447444524],[1,3.12557750797446e-7,-14.86526674555451,0.000002645848855271084]],[1,"Bip002 R Finger0",3,[-41],[0,"3eyRM7FHlCdITaAb1mFEqy",1,0],[1,0.06814885139465332,0.1017833948135376,-0.06761682033538818],[3,-0.6496226726978404,0.13313676292700494,0.27934604622654674,0.6944283778272812],[1,-90.00514286106886,34.12255612569189,12.415194302873646]],[4,"Bip002 R Finger01",28,[[3,"Bip002 R Finger02",-42,[0,"dev5gI/3ZJpoBoopjdgkBv",1,0],[1,0.07074189186096191,0,5.960464477539063e-8],[3,5.042963926086063e-10,0.06414266060105547,-4.985999713810523e-9,0.997940739268128],[1,9.431724143848417e-8,7.3552569691035785,-5.664702316068646e-7]]],[0,"3cOUIrmrxOooZ9H7UAuOTS",1,0],[1,0.07074224948883057,0,0],[3,3.5845116007308622e-9,0.11640221704419262,4.119504321149127e-9,0.9932021565961265],[1,3.530136462864767e-7,13.369018774858487,5.166641959465336e-7]],[1,"Bip002 R Finger1",3,[-43],[0,"4beb88UM9ObqmEDKU5eOYn",1,0],[1,0.25803840160369873,0.07605987787246704,0.000060558319091796875],[3,-0.06533004229080558,0.1550997319473073,0.010403925370733808,0.9856813973394422],[1,-7.586134337052036,17.88558685374288,0.014012674217117068]],[4,"Bip002 R Finger11",30,[[3,"Bip002 R Finger12",-44,[0,"837O9hLxRAdrOUOSVI3XKQ",1,0],[1,0.06295204162597656,5.960464477539063e-8,5.960464477539063e-8],[3,-3.6999656858274864e-9,0.11640223174345095,6.099035973689393e-9,0.9932021548733893],[1,-5.024559447373246e-7,13.369020470798155,6.447942589725642e-7]]],[0,"1fh+L6AMlLWqHhwyvIpQch",1,0],[1,0.06295216083526611,-5.960464477539063e-8,0],[3,1.8788468702309913e-9,0.11640220969456343,-5.597105488556948e-9,0.993202157457495],[1,2.884945873600084e-7,13.369017926888658,-6.119596418013506e-7]],[1,"Bip002 R Finger2",3,[-45],[0,"64Nl8m1UtDT5x9wRhiWlUw",1,0],[1,0.2580385208129883,0.025353312492370605,0.000020265579223632812],[3,-0.004240193329510334,0.2556978717074886,-0.017382291770526838,0.9665911623316206],[1,0.03968343233867504,29.635444901844444,-2.0499965432842004]],[4,"Bip002 R Finger21",32,[[3,"Bip002 R Finger22",-46,[0,"4fDfCGBVNGO5XXancku+98",1,0],[1,0.0656747817993164,1.1920928955078125e-7,0],[3,9.395040000621576e-10,0.1260981221375761,-3.758016444337826e-9,0.9920177738293688],[1,1.6110238015344363e-7,14.48835072340038,-4.136238950734458e-7]]],[0,"c9Cks43jdPLJ6NXpcYg9nM",1,0],[1,0.0569310188293457,-1.1920928955078125e-7,0],[3,4.697524458856119e-10,0.12609809280913337,-6.246201296294787e-11,0.992017777557388],[1,5.4302546930414785e-8,14.488347335565951,-3.126676252684355e-10]],[1,"Bip002 R Finger3",3,[-47],[0,"9b02Y8cGlB3rdl42a0B+bS",1,0],[1,0.25801753997802734,-0.03340023756027222,-0.00006496906280517578],[3,0.05963092657085492,0.31676885417870576,-0.08301037532210935,0.9429798106043913],[1,9.568604288265075,37.70839744093824,-6.821454375815925]],[4,"Bip002 R Finger31",34,[[3,"Bip002 R Finger32",-48,[0,"b1+w+GP45CQbyW5GN6VEaV",1,0],[1,0.05428886413574219,2.9802322387695312e-8,0],[3,1.0490014566492711e-9,0.0780065518135563,0,0.9969528463644401],[1,1.1984042401763774e-7,8.947982860375465,9.376911134343753e-9]]],[0,"05TJ2KsRFPULnU7vt51S4G",1,0],[1,0.04921460151672363,0,-1.1920928955078125e-7],[3,-2.676862101654255e-9,0.15822038269091204,3.6019432370185636e-9,0.9874038234183323],[1,-3.681878026919706e-7,18.20723188095982,3.5901975220473506e-7]],[1,"Bip002 R Finger4",3,[-49],[0,"98hVVqDDtAi564bjFmKBxp",1,0],[1,0.24704039096832275,-0.08190596103668213,-0.019670486450195312],[3,0.08681456833311438,0.2474516059391916,-0.048052832974880756,0.9638059237659509],[1,11.032304226872471,29.0736595169429,-2.846616949519205]],[4,"Bip002 R Finger41",36,[[3,"Bip002 R Finger42",-50,[0,"1cTb9ljoJGPbfhFxOK86Pn",1,0],[1,0.038811326026916504,0,-5.960464477539063e-8],[3,2.2836150863248153e-9,0.11640223174345095,2.8467954803739885e-9,0.9932021548733893],[1,2.219315438841654e-7,13.36902047079815,3.5446163462257066e-7]]],[0,"faj/dDuG1Kr7pqIVcHJrAt",1,0],[1,0.038811326026916504,0,0],[3,-3.859055320334328e-9,0.11640222439382181,8.884043553333528e-10,0.993202155734758],[1,-4.510592258600949e-7,13.369019622828322,4.9636765904260794e-8]],[1,"Bip002 L Thigh",4,[-51],[0,"a9Xu0Fct5C0YVpUWzQpc5c",1,0],[1,-0.2528039216995239,0.2641824185848236,-0.000475078821182251],[3,-0.007310619912619043,0.014188269830691559,-0.993821603158877,-0.10983564508129504],[1,178.24977359484376,-178.96386343214957,12.597850192803794]],[1,"Bip002 L Calf",38,[-52],[0,"95XuyPUElHxraEM6bB+diO",1,0],[1,0.6210788488388062,0,1.862645149230957e-9],[3,-3.4676556204086317e-11,-0.021934063750405283,3.70651969783765e-9,0.9997594194842042],[1,5.343499009245589e-9,-2.513660143389423,4.247208456486013e-7]],[4,"Bip002 L Foot",39,[[3,"Bip002 L Toe0",-53,[0,"54uncdc4JDm7nQEgOB6cz1",1,0],[1,0.22456009685993195,0,-0.2889990508556366],[3,1.5454311872698817e-8,0.7071067811865474,-1.5454311872698817e-8,0.7071067811865474],[1,0.000002504478444114821,90.00000000000001,0]]],[0,"dcZakfp21ND6qv77uyl/si",1,0],[1,0.6210787892341614,0,-5.587935447692871e-9],[3,-0.1345264601088139,0.012528476188518371,0.11271523579192666,0.9843987730769254],[1,-15.920926482238785,3.2305942475318408,12.623450616107252]],[1,"Bip002 R Thigh",4,[-54],[0,"c5MdLcaTFKn5hqdDEdJvHK",1,0],[1,-0.2528039216995239,-0.2641824185848236,-0.0004765428602695465],[3,-0.007310314191753449,-0.01418551260877592,-0.9938216328763596,0.10983575267375542],[1,-178.25009918810895,-178.96393440973864,-12.597866007369333]],[1,"Bip002 R Calf",41,[-55],[0,"0aoMPw/7pH5In99fZ2xGl0",1,0],[1,0.6210788488388062,-5.960464477539063e-8,9.313225746154785e-10],[3,3.2684304733649494e-10,-0.021934063750405283,-1.0213622317302408e-11,0.9997594194842042],[1,3.741877226333374e-8,-2.513660143389423,-1.991619785845318e-9]],[4,"Bip002 R Foot",42,[[3,"Bip002 R Toe0",-56,[0,"73rMh0+rpNwLknuy8eMA0A",1,0],[1,0.22456009685993195,0,-0.2889990210533142],[3,-1.0185953588390975e-8,0.7071067811865474,2.0722666604292914e-8,0.7071067811865474],[1,-0.0000025044781562438674,90.00000000000004,8.537737182193318e-7]]],[0,"59DrDnrGtOoYU4c4rHB4fH",1,0],[1,0.6210787296295166,0,-5.587935447692871e-9],[3,0.13452647352112787,0.012528462080023426,-0.11271531650085638,0.9843987621822726],[1,15.9209284446258,3.2305941714865503,-12.623460004848537]]],0,[0,5,1,0,0,1,0,-1,7,0,-2,8,0,-3,6,0,-1,15,0,-2,17,0,-3,19,0,-4,21,0,-5,23,0,-1,28,0,-2,30,0,-3,32,0,-4,34,0,-5,36,0,-1,11,0,-2,38,0,-3,41,0,-1,12,0,-2,25,0,1,5,0,0,6,0,-1,9,0,0,7,0,0,8,0,-1,10,0,-1,13,0,-1,14,0,-1,16,0,1,16,0,-1,18,0,1,18,0,-1,20,0,1,20,0,-1,22,0,1,22,0,-1,24,0,1,24,0,-1,26,0,-1,27,0,-1,29,0,1,29,0,-1,31,0,1,31,0,-1,33,0,1,33,0,-1,35,0,1,35,0,-1,37,0,1,37,0,-1,39,0,-1,40,0,1,40,0,-1,42,0,-1,43,0,1,43,0,17,1,2,1,14,3,1,27,4,1,10,5,1,11,56],[0,0,0,0,0,0,0,0,0,0,0,0,0,0,0,0,0,0,0],[-1,3,8,-1,-2,-3,-4,3,8,-1,-2,-3,-4,-5,-6,-7,-8,-9,18],[14,15,5,1,1,1,1,16,5,2,17,18,19,20,4,21,22,23,2]],[[[57,"1",[{"blendState":{"targets":[{}]},"depthStencilState":{},"rasterizerState":{}}],[{"USE_NORMAL_MAP":true,"USE_ALBEDO_MAP":true,"USE_METALLIC_ROUGHNESS_MAP":true,"ROUGHNESS_CHANNEL":"g","METALLIC_CHANNEL":"b","OCCLUSION_CHANNEL":"g","USE_SKINNING":true}],[[[{"occlusion":1,"roughness":1,"metallic":1},"emissive",8,[4,0],"albedoMap",6,0,"normalMap",6,1,"pbrMap",6,2,"metallicRoughnessMap",6,3]],11]]],0,0,[0,0,0,0,0],[6,7,19,20,4],[24,25,6,6,3]],[[[64,"cocos_skel",2489756589,["Bip002","Bip002/Bip002 Pelvis","Bip002/Bip002 Pelvis/Bip002 Spine","Bip002/Bip002 Pelvis/Bip002 Spine/Bip002 Spine1","Bip002/Bip002 Pelvis/Bip002 Spine/Bip002 Spine1/Bip002 Neck","Bip002/Bip002 Pelvis/Bip002 Spine/Bip002 Spine1/Bip002 Neck/Bip002 L Clavicle","Bip002/Bip002 Pelvis/Bip002 Spine/Bip002 Spine1/Bip002 Neck/Bip002 L Clavicle/Bip002 L UpperArm","Bip002/Bip002 Pelvis/Bip002 Spine/Bip002 Spine1/Bip002 Neck/Bip002 L Clavicle/Bip002 L UpperArm/Bip002 L Forearm","Bip002/Bip002 Pelvis/Bip002 Spine/Bip002 Spine1/Bip002 Neck/Bip002 L Clavicle/Bip002 L UpperArm/Bip002 L Forearm/Bip002 L Hand","Bip002/Bip002 Pelvis/Bip002 Spine/Bip002 Spine1/Bip002 Neck/Bip002 L Clavicle/Bip002 L UpperArm/Bip002 L Forearm/Bip002 L Hand/Bip002 L Finger0","Bip002/Bip002 Pelvis/Bip002 Spine/Bip002 Spine1/Bip002 Neck/Bip002 L Clavicle/Bip002 L UpperArm/Bip002 L Forearm/Bip002 L Hand/Bip002 L Finger0/Bip002 L Finger01","Bip002/Bip002 Pelvis/Bip002 Spine/Bip002 Spine1/Bip002 Neck/Bip002 L Clavicle/Bip002 L UpperArm/Bip002 L Forearm/Bip002 L Hand/Bip002 L Finger0/Bip002 L Finger01/Bip002 L Finger02","Bip002/Bip002 Pelvis/Bip002 Spine/Bip002 Spine1/Bip002 Neck/Bip002 L Clavicle/Bip002 L UpperArm/Bip002 L Forearm/Bip002 L Hand/Bip002 L Finger1","Bip002/Bip002 Pelvis/Bip002 Spine/Bip002 Spine1/Bip002 Neck/Bip002 L Clavicle/Bip002 L UpperArm/Bip002 L Forearm/Bip002 L Hand/Bip002 L Finger1/Bip002 L Finger11","Bip002/Bip002 Pelvis/Bip002 Spine/Bip002 Spine1/Bip002 Neck/Bip002 L Clavicle/Bip002 L UpperArm/Bip002 L Forearm/Bip002 L Hand/Bip002 L Finger1/Bip002 L Finger11/Bip002 L Finger12","Bip002/Bip002 Pelvis/Bip002 Spine/Bip002 Spine1/Bip002 Neck/Bip002 L Clavicle/Bip002 L UpperArm/Bip002 L Forearm/Bip002 L Hand/Bip002 L Finger2","Bip002/Bip002 Pelvis/Bip002 Spine/Bip002 Spine1/Bip002 Neck/Bip002 L Clavicle/Bip002 L UpperArm/Bip002 L Forearm/Bip002 L Hand/Bip002 L Finger2/Bip002 L Finger21","Bip002/Bip002 Pelvis/Bip002 Spine/Bip002 Spine1/Bip002 Neck/Bip002 L Clavicle/Bip002 L UpperArm/Bip002 L Forearm/Bip002 L Hand/Bip002 L Finger2/Bip002 L Finger21/Bip002 L Finger22","Bip002/Bip002 Pelvis/Bip002 Spine/Bip002 Spine1/Bip002 Neck/Bip002 L Clavicle/Bip002 L UpperArm/Bip002 L Forearm/Bip002 L Hand/Bip002 L Finger3","Bip002/Bip002 Pelvis/Bip002 Spine/Bip002 Spine1/Bip002 Neck/Bip002 L Clavicle/Bip002 L UpperArm/Bip002 L Forearm/Bip002 L Hand/Bip002 L Finger3/Bip002 L Finger31","Bip002/Bip002 Pelvis/Bip002 Spine/Bip002 Spine1/Bip002 Neck/Bip002 L Clavicle/Bip002 L UpperArm/Bip002 L Forearm/Bip002 L Hand/Bip002 L Finger3/Bip002 L Finger31/Bip002 L Finger32","Bip002/Bip002 Pelvis/Bip002 Spine/Bip002 Spine1/Bip002 Neck/Bip002 L Clavicle/Bip002 L UpperArm/Bip002 L Forearm/Bip002 L Hand/Bip002 L Finger4","Bip002/Bip002 Pelvis/Bip002 Spine/Bip002 Spine1/Bip002 Neck/Bip002 L Clavicle/Bip002 L UpperArm/Bip002 L Forearm/Bip002 L Hand/Bip002 L Finger4/Bip002 L Finger41","Bip002/Bip002 Pelvis/Bip002 Spine/Bip002 Spine1/Bip002 Neck/Bip002 L Clavicle/Bip002 L UpperArm/Bip002 L Forearm/Bip002 L Hand/Bip002 L Finger4/Bip002 L Finger41/Bip002 L Finger42","Bip002/Bip002 Pelvis/Bip002 Spine/Bip002 Spine1/Bip002 Neck/Bip002 R Clavicle","Bip002/Bip002 Pelvis/Bip002 Spine/Bip002 Spine1/Bip002 Neck/Bip002 R Clavicle/Bip002 R UpperArm","Bip002/Bip002 Pelvis/Bip002 Spine/Bip002 Spine1/Bip002 Neck/Bip002 R Clavicle/Bip002 R UpperArm/Bip002 R Forearm","Bip002/Bip002 Pelvis/Bip002 Spine/Bip002 Spine1/Bip002 Neck/Bip002 R Clavicle/Bip002 R UpperArm/Bip002 R Forearm/Bip002 R Hand","Bip002/Bip002 Pelvis/Bip002 Spine/Bip002 Spine1/Bip002 Neck/Bip002 R Clavicle/Bip002 R UpperArm/Bip002 R Forearm/Bip002 R Hand/Bip002 R Finger0","Bip002/Bip002 Pelvis/Bip002 Spine/Bip002 Spine1/Bip002 Neck/Bip002 R Clavicle/Bip002 R UpperArm/Bip002 R Forearm/Bip002 R Hand/Bip002 R Finger0/Bip002 R Finger01","Bip002/Bip002 Pelvis/Bip002 Spine/Bip002 Spine1/Bip002 Neck/Bip002 R Clavicle/Bip002 R UpperArm/Bip002 R Forearm/Bip002 R Hand/Bip002 R Finger0/Bip002 R Finger01/Bip002 R Finger02","Bip002/Bip002 Pelvis/Bip002 Spine/Bip002 Spine1/Bip002 Neck/Bip002 R Clavicle/Bip002 R UpperArm/Bip002 R Forearm/Bip002 R Hand/Bip002 R Finger1","Bip002/Bip002 Pelvis/Bip002 Spine/Bip002 Spine1/Bip002 Neck/Bip002 R Clavicle/Bip002 R UpperArm/Bip002 R Forearm/Bip002 R Hand/Bip002 R Finger1/Bip002 R Finger11","Bip002/Bip002 Pelvis/Bip002 Spine/Bip002 Spine1/Bip002 Neck/Bip002 R Clavicle/Bip002 R UpperArm/Bip002 R Forearm/Bip002 R Hand/Bip002 R Finger1/Bip002 R Finger11/Bip002 R Finger12","Bip002/Bip002 Pelvis/Bip002 Spine/Bip002 Spine1/Bip002 Neck/Bip002 R Clavicle/Bip002 R UpperArm/Bip002 R Forearm/Bip002 R Hand/Bip002 R Finger2","Bip002/Bip002 Pelvis/Bip002 Spine/Bip002 Spine1/Bip002 Neck/Bip002 R Clavicle/Bip002 R UpperArm/Bip002 R Forearm/Bip002 R Hand/Bip002 R Finger2/Bip002 R Finger21","Bip002/Bip002 Pelvis/Bip002 Spine/Bip002 Spine1/Bip002 Neck/Bip002 R Clavicle/Bip002 R UpperArm/Bip002 R Forearm/Bip002 R Hand/Bip002 R Finger2/Bip002 R Finger21/Bip002 R Finger22","Bip002/Bip002 Pelvis/Bip002 Spine/Bip002 Spine1/Bip002 Neck/Bip002 R Clavicle/Bip002 R UpperArm/Bip002 R Forearm/Bip002 R Hand/Bip002 R Finger3","Bip002/Bip002 Pelvis/Bip002 Spine/Bip002 Spine1/Bip002 Neck/Bip002 R Clavicle/Bip002 R UpperArm/Bip002 R Forearm/Bip002 R Hand/Bip002 R Finger3/Bip002 R Finger31","Bip002/Bip002 Pelvis/Bip002 Spine/Bip002 Spine1/Bip002 Neck/Bip002 R Clavicle/Bip002 R UpperArm/Bip002 R Forearm/Bip002 R Hand/Bip002 R Finger3/Bip002 R Finger31/Bip002 R Finger32","Bip002/Bip002 Pelvis/Bip002 Spine/Bip002 Spine1/Bip002 Neck/Bip002 R Clavicle/Bip002 R UpperArm/Bip002 R Forearm/Bip002 R Hand/Bip002 R Finger4","Bip002/Bip002 Pelvis/Bip002 Spine/Bip002 Spine1/Bip002 Neck/Bip002 R Clavicle/Bip002 R UpperArm/Bip002 R Forearm/Bip002 R Hand/Bip002 R Finger4/Bip002 R Finger41","Bip002/Bip002 Pelvis/Bip002 Spine/Bip002 Spine1/Bip002 Neck/Bip002 R Clavicle/Bip002 R UpperArm/Bip002 R Forearm/Bip002 R Hand/Bip002 R Finger4/Bip002 R Finger41/Bip002 R Finger42","Bip002/Bip002 Pelvis/Bip002 Spine/Bip002 Spine1/Bip002 Neck/Bip002 Head","Bip002/Bip002 Pelvis/Bip002 Spine/Bip002 L Thigh","Bip002/Bip002 Pelvis/Bip002 Spine/Bip002 L Thigh/Bip002 L Calf","Bip002/Bip002 Pelvis/Bip002 Spine/Bip002 L Thigh/Bip002 L Calf/Bip002 L Foot","Bip002/Bip002 Pelvis/Bip002 Spine/Bip002 L Thigh/Bip002 L Calf/Bip002 L Foot/Bip002 L Toe0","Bip002/Bip002 Pelvis/Bip002 Spine/Bip002 R Thigh","Bip002/Bip002 Pelvis/Bip002 Spine/Bip002 R Thigh/Bip002 R Calf","Bip002/Bip002 Pelvis/Bip002 Spine/Bip002 R Thigh/Bip002 R Calf/Bip002 R Foot","Bip002/Bip002 Pelvis/Bip002 Spine/Bip002 R Thigh/Bip002 R Calf/Bip002 R Foot/Bip002 R Toe0"],[[[7,0.000001370906943520822,0,-1,0,0,1,0,0,1,0,0.000001370906943520822,0,-0.018384279683232307,-1.4394174814224243,-2.520313735487889e-8,1],[7,-0.0000013868001360606286,1,-0.0000027577070795814507,0,1,0.0000013868000223737909,0,0,3.824388722373229e-12,-0.0000027577070795814507,-1,0,-1.4394174814224243,-0.000001945485792020918,0.018384279683232307,1],[7,1.0916177961561857e-9,1.0000001192092896,0.0000014026936696609482,0,0.9999997019767761,-2.208607741138735e-9,0.0007963179959915578,0,0.0007963180541992188,0.0000014026924191057333,-0.9999997615814209,0,-1.6922355890274048,-2.1288762752647017e-8,0.016762293875217438,1],[7,-8.326291123239571e-8,1.0000001192092896,0.0000014052243386686314,0,0.9981539249420166,1.6845628181272332e-7,-0.060735587030649185,0,-0.060735590755939484,0.0000013975729871162912,-0.9981539845466614,0,-2.03208589553833,-3.6785644397241413e-7,0.14171460270881653,1],[7,8.556218489275125e-8,1.0000001192092896,0.0000014053661061552702,0,0.9980504512786865,-1.7310831879058242e-7,0.06241287291049957,0,0.06241287663578987,0.0000013972860415378818,-0.9980505108833313,0,-2.694465398788452,5.551611366172438e-7,-0.19107219576835632,1],[7,0.9822540283203125,0.18755564093589783,0.0000013774262015431304,0,-0.18720030784606934,0.9803928136825562,0.06153041124343872,0,0.011539025232195854,-0.06043875589966774,0.9981052875518799,0,0.24119485914707184,-2.471292495727539,-0.08715686947107315,1],[7,0.5773323774337769,0.8099624514579773,-0.10319074988365173,0,-0.8104954957962036,0.5837955474853516,0.047747764736413956,0,0.098916195333004,0.056069307029247284,0.993514895439148,0,1.6904339790344238,-1.8049393892288208,-0.00392431765794754,1],[7,0.531536877155304,0.8099625110626221,-0.2478499859571457,0,-0.7711201310157776,0.5837954878807068,0.25407981872558594,0,0.3504888117313385,0.05606932193040848,0.9348871111869812,0,1.138293743133545,-1.8049392700195312,-0.3061979115009308,1],[7,0.22052259743213654,-0.0418953076004982,0.9744818806648254,0,-0.9459825754165649,-0.2526299059391022,0.20321203768253326,0,0.23766961693763733,-0.9666554927825928,-0.09534277021884918,0,1.2930899858474731,0.6075429916381836,-1.3249390125274658,1],[7,-0.3465713560581207,0.9304307699203491,0.11910998821258545,0,-0.8218239545822144,-0.3623966574668884,0.4396296739578247,0,0.452210009098053,0.054475732147693634,0.8902463316917419,0,1.5266603231430054,-0.35380733013153076,-1.0623615980148315,1],[7,-0.3647204637527466,0.9304308295249939,0.03574734926223755,0,-0.9012053608894348,-0.3623966574668884,0.23769253492355347,0,0.23411117494106293,0.05447572469711304,0.9706823825836182,0,1.6621055603027344,-0.3538074493408203,-0.6969326734542847,1],[7,-0.366295725107193,0.9304307103157043,-0.011238742619752884,0,-0.9242193102836609,-0.36239662766456604,0.12036329507827759,0,0.10791686922311783,0.05447573587298393,0.9926661849021912,0,1.667490839958191,-0.353807270526886,-0.4874696433544159,1],[7,-0.08940479904413223,0.08982105553150177,0.9919371008872986,0,-0.9626128673553467,-0.2634757459163666,-0.06290377676486969,0,0.2557012438774109,-0.9604752659797668,0.11001893877983093,0,1.3917920589447021,0.5534547567367554,-1.0251199007034302,1],[7,-0.31633952260017395,0.08982105553150177,0.9443843364715576,0,-0.9219822883605957,-0.2634757459163666,-0.28377625346183777,0,0.2233332246541977,-0.9604752659797668,0.16616125404834747,0,1.5298596620559692,0.5534547567367554,-0.6900835037231445,1],[7,-0.5261293649673462,0.08982107043266296,0.845647931098938,0,-0.8313823342323303,-0.2634757459163666,-0.4892687201499939,0,0.17886100709438324,-0.9604753255844116,0.2132979929447174,0,1.5867183208465576,0.5534547567367554,-0.33220189809799194,1],[7,-0.2914985418319702,-0.032150253653526306,0.956031084060669,0,-0.9311684370040894,-0.2192593365907669,-0.29129138588905334,0,0.21898376941680908,-0.9751368165016174,0.033976517617702484,0,1.5764656066894531,0.5773159265518188,-0.6394287347793579,1],[7,-0.5214112401008606,-0.0321502611041069,0.8526998162269592,0,-0.828679621219635,-0.2192593216896057,-0.514990508556366,0,0.20351938903331757,-0.9751366376876831,0.08768205344676971,0,1.6311850547790527,0.5773159265518188,-0.23893189430236816,1],[7,-0.7181607484817505,-0.0321502611041069,0.6951343417167664,0,-0.6734845042228699,-0.21925930678844452,-0.7059346437454224,0,0.1751106083393097,-0.9751366972923279,0.1358107328414917,0,1.575501799583435,0.5773158669471741,0.16033077239990234,1],[7,-0.42356395721435547,-0.142218217253685,0.8946326375007629,0,-0.8965204954147339,-0.07568299770355225,-0.4364890456199646,0,0.12978509068489075,-0.9869377613067627,-0.0954449474811554,0,1.6858915090560913,0.44032081961631775,-0.346687376499176,1],[7,-0.681889533996582,-0.1422182321548462,0.7174962162971497,0,-0.7152509689331055,-0.07568300515413284,-0.6947574019432068,0,0.1531093269586563,-0.9869377613067627,-0.05011429637670517,0,1.6630570888519287,0.44032084941864014,0.1820579171180725,1],[7,-0.785188615322113,-0.142218217253685,0.602704644203186,0,-0.5984853506088257,-0.07568299770355225,-0.7975506782531738,0,0.1590406447649002,-0.9869377613067627,-0.02569011226296425,0,1.5608723163604736,0.44032081961631775,0.43006646633148193,1],[7,-0.28253182768821716,-0.21087124943733215,0.9357934594154358,0,-0.9369363784790039,-0.14856134355068207,-0.3163537383079529,0,0.2057325839996338,-0.9661588668823242,-0.15559956431388855,0,1.5727102756500244,0.5608391761779785,-0.535053014755249,1],[7,-0.4912514388561249,-0.21087126433849335,0.8451069593429565,0,-0.8383984565734863,-0.14856134355068207,-0.5244210362434387,0,0.23613545298576355,-0.9661588668823242,-0.10381311923265457,0,1.616047739982605,0.5608391165733337,-0.16588270664215088,1],[7,-0.673346221446991,-0.21087124943733215,0.7086173295974731,0,-0.694421112537384,-0.14856132864952087,-0.7040657997131348,0,0.2537402808666229,-0.9661588668823242,-0.046400200575590134,0,1.5728507041931152,0.5608391165733337,0.20330405235290527,1],[7,-0.9822540283203125,0.18755580484867096,0.0000013606623952000518,0,-0.18720030784606934,-0.9803928136825562,0.06153041869401932,0,0.011541719548404217,0.06043824553489685,0.9981052875518799,0,0.24119478464126587,2.471292495727539,-0.08715688437223434,1],[7,-0.5773321986198425,0.809962272644043,0.10319347679615021,0,-0.8104955554008484,-0.5837955474853516,0.04774776101112366,0,0.09891778230667114,-0.05607152730226517,0.9935146570205688,0,1.6904339790344238,1.8049393892288208,-0.003924310207366943,1],[7,-0.5315359234809875,0.809962272644043,0.24785253405570984,0,-0.7711201310157776,-0.583795428276062,0.25407981872558594,0,0.3504903018474579,-0.056071557104587555,0.9348864555358887,0,1.138293743133545,1.8049391508102417,-0.3061979413032532,1],[7,-0.2205219268798828,-0.04189269244670868,-0.9744821190834045,0,-0.945982515