[1,["dceKxx6LtMiZEVcbzmzEko","c0ExG6bCNHv7BScpvr46Qr@f9941","20g1ukYUVPvKWKBRznAKo+@f9941","54TknWPwVPqJqeCR+Y/Czo@f9941","95EkngnxZFbYuFpsqVTaFr@f9941","8dHjmY6jhBM7YJD19BR6YA@f9941","957Y4ui01C44iECl0G0/n0@f9941","38nGNkcPFMXI9fJvNZ9bz3@f9941","c9nhQb8U9AIKuzEzP78ygt@f9941","afP/lR7e9MfqHcdVXgYPzY@f9941","5cxfD0Q91AXKnAYkfRv6Gw@73b7f","f2+777fQZDMqWHbDIWXFJA@f9941","59bJZYG5tDJ7ELKUmYfmuw@f9941","c3rQ4CD15BvKxmfuEb3RGM@f9941","deQgAK58dAY7cTgFqTXEX+@f9941","ddrGd/jKdGH6/ZIe6KMetg@f9941","44GmRzoDBIDrEAL1fH2Q5U@f9941","37LvwjW+VPiqRcON1lpg+E@f9941","5bXmlPTRVM9I9B4KHreWgR@f9941","5cxfD0Q91AXKnAYkfRv6Gw@f605f","5cxfD0Q91AXKnAYkfRv6Gw@438fe","52i6pgbXBORoy7vA+X0VA+@f9941","84Eip2kD1FeIJKKKwM0kYK@f9941","76fANB9Y1K7rJPjk8WILpE@f9941","2056wdhlZADJdfCpd+O52l@f9941","e32TzDrI5JV7W/FOR4p76Q@f9941","82QbxRzWJJj4n7mqJsPsMh@f9941","aa+G8B2exLEIbBP+5RK72d@f9941","e9XFLb9i5Oy4/XWlDk2Yla@f9941","baksN0ny5Ajbzh34OoiqXK@f9941","b2RaVqqQ5KHaI6A1a3NF3P@f9941","58ftAD36dAkbyR7OzO5HN9@f9941","15JrabkcZGwrQWiv0XGsvi@f9941","f0N5ZyemhJg5iZxBxHun4Y@f9941","ffuIqPr2JI9I8dPLYGRDpD@f9941","27chMo7S1Ba5pmNFASz/TL@f9941","4bSlmx4cVFvrHjUG64LuB6@f9941","4fx+4CJz9Jd61HbKFVv1MF@f9941","b3CpiafZRDH449MonBWD2o@f9941","ccSEOm3uZFw566I8GJuMvE@f9941","a52kK/VKhPWYrFcMzOHtmQ","2eKVxG9ytMmYoPQyNnGBGj@f9941","03+wHB/rFKYYZu5T6eMyq/@f9941","a1KZkqZL1MRb8F4DXtG2J5@f9941","e3gtlA63VIZrjX54R8CIRh@f9941","beGfQd/6BBxZyHa8JNhTUC@f9941","42SOhw4TdMK4ykuLhxKBy7@f9941","4ayFrqYNhPeJswa4xifxO5@f9941","afxHkx8GZGsJC+n+YfITQo@f9941","bey6303uNCjLzIjDHmr+a4@f9941","f3ijXqwy5KZJ0s28iGnL5L@f9941","b9gVk1MmBJc6/d6ysKk9lA@f9941","25h9W+0lxPRp5+EnDq6EQn@f9941","03+wHB/rFKYYZu5T6eMyq/@6c48a","0eGwHSAmlChpVBQo/ZvEe/@6c48a","0eRt9dqbpHbZXG1dyoxoQ/@6c48a","14IieDNr9LRJ/gL2XT4gBn@6c48a","15JrabkcZGwrQWiv0XGsvi@6c48a","15ixPDTw1IE5wzu8e+DKP5@6c48a","18JHC/JbhJ9YlrCJARk+tW@6c48a","19F0RUlJtKCbscW1N2UL61@6c48a","1bX5DgiURICZdheLjYNyYW@6c48a","1c60ceAHZLn6Dqbpowfj6b@6c48a","1eeVRGHctBOrfjx3wilJoX@6c48a","2056wdhlZADJdfCpd+O52l@6c48a","212jWhr3hExpNqcZOfxEF3@6c48a","27bFM/8Z5B+Zv92Yx7qOIf@6c48a","27chMo7S1Ba5pmNFASz/TL@6c48a","28pz1lCZlCOrwydpmw/9VE@6c48a","2cy/QXLWJKHZEHYw9brby2@6c48a","2eKVxG9ytMmYoPQyNnGBGj@6c48a","30Cx9pws9AqKFcax97HWfw@6c48a","37LvwjW+VPiqRcON1lpg+E@6c48a","38nGNkcPFMXI9fJvNZ9bz3@6c48a","3bagv1TAVFfpkocC4+hdC2@6c48a","3b8kKElPJF8ZhHyHvvS1ki@6c48a","42SOhw4TdMK4ykuLhxKBy7@6c48a","42bw2WdUVDEoCL0iHueEv5@6c48a","42pUve0FRMSYkm8FMJDmnF@6c48a","44GmRzoDBIDrEAL1fH2Q5U@6c48a","46s4s47htOk7+5UhgYr90H@6c48a","47GMWTU2hPob2HmUleN0Ki@6c48a","4ayFrqYNhPeJswa4xifxO5@6c48a","4bSlmx4cVFvrHjUG64LuB6@6c48a","4efRc8EW1HQaiS6u1u5IVI@6c48a","4fTgPxMfBPk4VAwMPLsxjF@6c48a","4fx+4CJz9Jd61HbKFVv1MF@6c48a","52i6pgbXBORoy7vA+X0VA+@6c48a","54ejgvm45FqZTywz8lD1fm@6c48a","58ftAD36dAkbyR7OzO5HN9@6c48a","59bJZYG5tDJ7ELKUmYfmuw@6c48a","5bXmlPTRVM9I9B4KHreWgR@6c48a","5cUewJqfxHR6nyT1O46dn6@6c48a","5cxfD0Q91AXKnAYkfRv6Gw@e39f7","a3zQCfCrBCDZJ4uf2rk5u8","5cxfD0Q91AXKnAYkfRv6Gw@b4e6b","65Cp4tlEZK55E4GHhJ6/pp@6c48a","6bHJPbIyBPnKPuOme7iPFh@6c48a","6ciCT1eRlBYJbP3wDkkl90@6c48a","6ftPVHbvtACqZljC0rufHc@6c48a","39wB2fT6JPkK1QyPTDXMXm@6c48a","1brw/JvvpFnIvdrxpFCgMZ","73yIepYitHBoVchk3GwGT1@6c48a","76fANB9Y1K7rJPjk8WILpE@6c48a","7az8mBYelB4JK9AkjIfqS6@6c48a","82QbxRzWJJj4n7mqJsPsMh@6c48a","84Eip2kD1FeIJKKKwM0kYK@6c48a","8abH0ojEBArqZ2Yzh/LoN8@6c48a","8dHjmY6jhBM7YJD19BR6YA@6c48a","8fGC/47MBKtKbu817prghw@6c48a","957Y4ui01C44iECl0G0/n0@6c48a","9fdghPAJpPM6ps0IvZopwB@6c48a","9fuafV/PRLeZGkwd8rZXgM@6c48a","a0dRR+wHVG05qOgxMWK5Zu@6c48a","a1KZkqZL1MRb8F4DXtG2J5@6c48a","a4vgulFcxC7afwgzAe47zr@6c48a","a5/Tk5fk1OT4M3YkeyugyO@6c48a","a7YJzyJxhAKoUOH4gt0hkD@6c48a","a8/sSDBCRMTYuVKIwUgI4+@6c48a","aa+G8B2exLEIbBP+5RK72d@6c48a","acVf2TPV5O6pknusWqaHMS@6c48a","aePhLhb8BEvqKAI5c/aWK3@6c48a","afP/lR7e9MfqHcdVXgYPzY@6c48a","afSLMLCmxBF5oZRpecKJgq@6c48a","af+vHLzJ9JvZXY+R7ByiOZ@6c48a","b1pgtXwk1Ba5pioPgHPW2y@6c48a","b2RaVqqQ5KHaI6A1a3NF3P@6c48a","b2vHhrWQtIMbMhgTESoyCZ@6c48a","b3CpiafZRDH449MonBWD2o@6c48a","6ftPVHbvtACqZljC0rufHc@f9941","5cUewJqfxHR6nyT1O46dn6@f9941","30Cx9pws9AqKFcax97HWfw@f9941","0eRt9dqbpHbZXG1dyoxoQ/@f9941","65Cp4tlEZK55E4GHhJ6/pp@f9941","8abH0ojEBArqZ2Yzh/LoN8@f9941","1c60ceAHZLn6Dqbpowfj6b@f9941","4efRc8EW1HQaiS6u1u5IVI@f9941","212jWhr3hExpNqcZOfxEF3@f9941","0eGwHSAmlChpVBQo/ZvEe/@f9941","a8/sSDBCRMTYuVKIwUgI4+@f9941","46s4s47htOk7+5UhgYr90H@f9941","6bHJPbIyBPnKPuOme7iPFh@f9941","2cy/QXLWJKHZEHYw9brby2@f9941","4fTgPxMfBPk4VAwMPLsxjF@f9941","d845rIc3RPYrLzgtqyVdqK@f9941","7az8mBYelB4JK9AkjIfqS6@f9941","d5CuKKYsBEeo4OzUmEKs/l@f9941","b7qevBlvZJyYLjF6sr4VgF@f9941","f87vU+mcJLPo5nbPUEx7IN@f9941","9fuafV/PRLeZGkwd8rZXgM@f9941","d8e+Z+OVxHrL0pC/8Lbk/I@f9941","14cvMSlnFJlqA2NMPzwb1B","84iy5lk7pEEb6EjoNt1bJf","68xNkbuiVAipWIifHltfxk","a4vgulFcxC7afwgzAe47zr@f9941","47GMWTU2hPob2HmUleN0Ki@f9941","99et/B3p5BgrZO5CfEzduf@f9941","b1pgtXwk1Ba5pioPgHPW2y@f9941","18JHC/JbhJ9YlrCJARk+tW@f9941","1eeVRGHctBOrfjx3wilJoX@f9941","a7YJzyJxhAKoUOH4gt0hkD@f9941","dflYbLyHVCGpMjOvO8iSlm@f9941","1bX5DgiURICZdheLjYNyYW@f9941","28pz1lCZlCOrwydpmw/9VE@f9941","b2vHhrWQtIMbMhgTESoyCZ@f9941","ceXzg9vlFFr7mcfXU9oBHa@f9941","14IieDNr9LRJ/gL2XT4gBn@f9941","f1wTLXr2JCOq5X0LiJ2YFZ@f9941","f480AFIm1B/Y9sn8s3NPU9@f9941","3bagv1TAVFfpkocC4+hdC2@f9941","afSLMLCmxBF5oZRpecKJgq@f9941","8fGC/47MBKtKbu817prghw@f9941","54ejgvm45FqZTywz8lD1fm@f9941","5asuPqtxJIDasBD0Gy6SsS","70jqOrfKpCNZ8ipVTiJAaH","5cxfD0Q91AXKnAYkfRv6Gw@d1932","a5/Tk5fk1OT4M3YkeyugyO@f9941","81JUI9LDxHgLSD3P1FMsBf","0cb0WVRpZHQJpB05qvwnNK","95vBxQpFZIRaUzWo2NL9Fr","f3EHG9KBpBT7hDzNV5b367@f9941","b7qevBlvZJyYLjF6sr4VgF@6c48a","b9gVk1MmBJc6/d6ysKk9lA@6c48a","beGfQd/6BBxZyHa8JNhTUC@6c48a","bey6303uNCjLzIjDHmr+a4@6c48a","c0ExG6bCNHv7BScpvr46Qr@6c48a","c3rQ4CD15BvKxmfuEb3RGM@6c48a","c9nhQb8U9AIKuzEzP78ygt@6c48a","ccSEOm3uZFw566I8GJuMvE@6c48a","ceXzg9vlFFr7mcfXU9oBHa@6c48a","d5CuKKYsBEeo4OzUmEKs/l@6c48a","d8e+Z+OVxHrL0pC/8Lbk/I@6c48a","d845rIc3RPYrLzgtqyVdqK@6c48a","e66M7XK/9PNoNcsS0s/RUX@f9941","15ixPDTw1IE5wzu8e+DKP5@f9941","eabKcMPatJKbXJuR2V0d5m@f9941","42pUve0FRMSYkm8FMJDmnF@f9941","19F0RUlJtKCbscW1N2UL61@f9941","aePhLhb8BEvqKAI5c/aWK3@f9941","a0dRR+wHVG05qOgxMWK5Zu@f9941","19UQ5aZ15Csr7VYiZu2kF7@f9941","d4733GKxlOma0Jf2xocNWC@f9941","9fdghPAJpPM6ps0IvZopwB@f9941","af+vHLzJ9JvZXY+R7ByiOZ@f9941","acVf2TPV5O6pknusWqaHMS@f9941","f9cCFo8YpDyJPMj0ur5qnI@f9941","6ciCT1eRlBYJbP3wDkkl90@f9941","27bFM/8Z5B+Zv92Yx7qOIf@f9941","3b8kKElPJF8ZhHyHvvS1ki@f9941","42bw2WdUVDEoCL0iHueEv5@f9941","73yIepYitHBoVchk3GwGT1@f9941","ddrGd/jKdGH6/ZIe6KMetg@6c48a","deQgAK58dAY7cTgFqTXEX+@6c48a","dflYbLyHVCGpMjOvO8iSlm@6c48a","e3gtlA63VIZrjX54R8CIRh@6c48a","e32TzDrI5JV7W/FOR4p76Q@6c48a","e66M7XK/9PNoNcsS0s/RUX@6c48a","e9XFLb9i5Oy4/XWlDk2Yla@6c48a","eabKcMPatJKbXJuR2V0d5m@6c48a","f0N5ZyemhJg5iZxBxHun4Y@6c48a","f1wTLXr2JCOq5X0LiJ2YFZ@6c48a","f2+777fQZDMqWHbDIWXFJA@6c48a","f3EHG9KBpBT7hDzNV5b367@6c48a","f3ijXqwy5KZJ0s28iGnL5L@6c48a","f480AFIm1B/Y9sn8s3NPU9@6c48a","f87vU+mcJLPo5nbPUEx7IN@6c48a","f9cCFo8YpDyJPMj0ur5qnI@6c48a"],["node","_spriteFrame","_textureSource","_parent","_normalSprite","_target","asset","_hoverSprite","_pressedSprite","_disabledSprite","_defaultClip","_effectAsset","root","data","_mesh","_skeleton","progressBar","labelCount","labelTimer","mainTexture","albedoMap","challengeUI","shopUI","backPackUI","menuAnim","_cameraComponent","btnHideSub","btnShowSub","subBtnsAnim","scene","_verticalScrollBar","anim","_scrollView","prefab","slotPrefab","spBorder","spAttribute","spRank","spHero","labelLevel"],["cc.SpriteFrame",["cc.Node",["_name","_layer","_id","_parent","_children","_components","_lpos","_prefab","_lrot","_euler","_lscale"],0,1,2,9,5,4,5,5,5],["cc.Widget",["_alignFlags","_alignMode","_top","_originalWidth","_bottom","_originalHeight","_left","_right","_name","node"],-6,1],["cc.Label",["_string","_actualFontSize","_fontSize","_overflow","_lineHeight","_horizontalAlign","_srcBlendFactor","_enableWrapText","_verticalAlign","node","_color","__prefab"],-6,1,5,4],["cc.Sprite",["_sizeMode","_type","_name","node","_spriteFrame","__prefab","_color"],0,1,6,4,5],["cc.Node",["_name","_layer","_children","_prefab","_lpos","_lrot","_euler","_parent","_components"],1,12,4,5,5,5,1,12],["cc.Node",["_name","_layer","_active","_children","_components","_parent","_lpos"],0,2,12,1,5],["cc.UITransform",["_name","node","_contentSize","_anchorPoint","__prefab"],2,1,5,5,4],["cc.Layout",["_layoutType","_isAlign","_spacingX","_paddingLeft","_paddingRight","_resizeMode","_spacingY","node","__prefab"],-4,1,4],["cc.Button",["_name","node","_normalColor","_target","_normalSprite","clickEvents","_hoverSprite","_pressedSprite","_disabledSprite"],2,1,5,1,6,9,6,6,6],["cc.Node",["_name","_layer","_parent","_lpos","_children","_lrot","_euler","_prefab","_components"],1,1,5,9,5,5,4,2],["cc.Material",["_states","_defines","_name","_props"],0,12],["cc.Prefab",["_name"],2],["cc.SkeletalAnimation",["playOnLoad","node","__prefab","_clips","_defaultClip"],2,1,4,3,6],["cc.PrefabInfo",["fileId","root","asset"],2,1,1],["aeffbvAe81PUK6yo5lqC9d9",["node","scaleTo"],3,1,5],["cc.ScrollView",["_name","bounceDuration","brake","horizontal","node","_content","_verticalScrollBar"],-1,1,1,1],["cc.ScrollBar",["_direction","node","_handle","_scrollView"],2,1,1,1],["cc.Skeleton",["_name","_hash","_joints","_bindposes"],0,12],["cc.CompPrefabInfo",["fileId"],2],["cc.PrefabInfo",["fileId","root","asset"],2,1,6],["cc.SkinnedMeshRenderer",["node","__prefab","_materials","lightmapSettings","_skinningRoot","_mesh","_skeleton"],3,1,4,3,4,1,6,6],["cc.ModelLightmapSettings",[],3],["cc.Mesh",["_native","_hash","_struct"],1,11],["cc.EffectAsset",["_name","shaders","techniques"],0],["cc.SceneAsset",["_name"],2],["edc2a7itdpDQ5BDY+sVWkwJ",["node","menuAnim","backPackUI","shopUI","challengeUI"],3,1,1,1,1,1],["cc.Canvas",["node","_cameraComponent"],3,1,1],["cc.BlockInputEvents",["node"],3,1],["ee01cuuXWdKPp3K6ZSH+XiO",["timeToRecover","totalCount","currentCount","node","labelTimer","labelCount","progressBar"],0,1,1,1,1],["bc2c4zW09lHwpndXfuPHzZv",["node","subBtnsAnim","btnShowSub","btnHideSub","btnContainer"],3,1,1,1,1,1],["cc.ClickEvent",["_componentId","handler","target"],1,1],["cc.PrefabLink",["node","prefab"],3,1,6],["cc.Mask",["node"],3,1],["cc.LabelOutline",["node"],3,1],["cc.UIMeshRenderer",["node","__prefab"],3,1,4],["cc.Scene",["_name","_children","_prefab","_globals"],2,2,4,4],["cc.SceneGlobals",["ambient","shadows","_skybox","fog","octree"],3,4,4,4,4,4],["cc.AmbientInfo",["_skyIllumLDR","_skyColorHDR","_skyColorLDR"],2,5,5],["cc.ShadowsInfo",["_bias","_near","_far","_shadowDistance","_saturation"],-2],["cc.SkyboxInfo",[],3],["cc.FogInfo",["_fogColor"],3,5],["cc.OctreeInfo",[],3],["731777n3LdF7rEriG3jUd4K",["node"],3,1],["0d6f9QGL49Fa4UGVF9fmZrd",["node","figure","btnsNode","chargeUI"],3,1,1,1,1],["cc.Animation",["_name","node","_clips"],2,1,3],["cc.ProgressBar",["_totalLength","_progress","node","_barSprite"],1,1,1],["88c12+9VW9MSa0k23tDsf+r",["totalCount","node","scrollView"],2,1,1],["6cf851wT2xK+7apBEpV2PF2",["node","roleClkArea","role"],3,1,1,1],["cc.Camera",["_projection","_priority","_orthoHeight","_far","_visibility","node","_color"],-2,1,5],["57d15BvDjxLBLxQT6h/Vxab",["node","__prefab","sfAttributes","sfRanks","sfHeroes","sfBorders","labelLevel","spHero","spRank","spAttribute","spBorder","spStars"],3,1,4,3,3,3,3,1,1,1,1,1,2]],[[7,1,2,1],[1,0,1,3,4,5,6,3],[1,0,1,3,5,6,3],[4,3,4,1],[14,0,1,2,2],[4,0,3,4,2],[19,0,2],[1,0,1,3,5,3],[7,1,2,3,1],[15,0,1],[9,1,2,3,4,1],[4,1,0,3,4,3],[2,0,4,1,9,4],[20,0,1,2,2],[5,0,1,7,8,4,3],[7,1,4,2,1],[2,0,3,5,1,9,5],[4,1,3,4,2],[31,0,1,2,3],[1,0,3,7,6,8,9,2],[1,0,1,3,6,8,9,3],[5,0,1,7,8,3,4,3],[4,3,5,1],[2,0,1,9,3],[1,0,3,4,7,6,8,9,2],[1,0,1,3,4,6,8,9,3],[10,0,2,4,7,3,5,6,2],[10,0,1,2,4,3,5,6,3],[4,0,3,6,4,2],[7,0,1,2,2],[9,1,5,2,3,4,1],[9,1,2,3,4,6,7,8,1],[1,0,3,7,6,2],[1,0,3,4,7,2],[1,0,1,3,6,3],[1,0,1,3,4,5,3],[1,0,1,3,4,3],[2,0,2,1,9,4],[2,0,3,1,9,4],[4,1,0,3,3],[28,0,1],[15,0,1,1],[1,0,1,4,5,6,3],[6,0,1,5,3,4,3],[2,0,2,4,3,5,1,9,7],[4,2,0,3,4,3],[9,1,5,2,3,4,6,7,8,1],[3,0,1,2,3,9,5],[3,6,0,1,2,3,7,9,10,7],[3,0,5,8,1,2,4,9,10,7],[34,0,1],[45,0,1,2,2],[1,0,3,7,8,9,2],[1,0,3,4,7,8,9,2],[1,0,1,4,5,3],[1,0,1,3,8,9,3],[1,0,1,3,5,6,10,3],[1,0,1,3,5,10,3],[1,0,1,3,4,8,9,3],[5,0,1,7,8,3,3],[6,0,2,1,3,4,4],[6,0,2,1,3,4,6,4],[6,0,1,5,3,4,6,3],[21,0,1,2,3,4,5,6,1],[22,1],[7,0,1,2,3,2],[2,0,6,7,2,4,3,5,1,9,9],[2,0,6,2,1,9,5],[2,0,5,1,9,4],[8,5,0,2,6,1,7,6],[29,0,1,2,3,4,5,6,4],[9,0,1,5,2,3,2],[33,0,1],[3,0,1,9,3],[3,0,1,2,4,3,9,10,6],[3,0,1,2,4,9,10,5],[3,0,5,1,2,9,10,5],[3,0,5,1,2,4,9,10,6],[46,0,1,2,3,3],[18,0,1,2,3,4],[11,2,0,1,3,4],[11,0,1,3,3],[12,1],[12,0,2],[1,0,4,5,7,2],[1,0,3,5,7,2],[1,0,1,2,4,5,6,4],[1,0,1,4,5,6,10,3],[1,0,1,4,5,7,6,3],[1,0,1,3,4,5,7,6,3],[5,0,2,3,4,5,6,2],[5,0,2,3,2],[5,0,2,3,5,6,2],[5,0,1,2,4,5,6,3],[5,0,1,2,3],[5,0,1,2,5,6,3],[10,0,1,2,8,3,3],[6,0,1,3,4,3],[6,0,2,1,5,3,4,4],[6,0,1,3,4,6,3],[13,1,2,3,4,1],[13,0,1,2,3,4,2],[14,0,2],[23,0,1,2,3],[24,0,1,2,4],[25,0,2],[7,1,1],[7,1,4,2,3,1],[2,0,9,2],[2,0,7,2,1,9,5],[2,8,0,4,1,9,5],[2,0,2,4,1,9,5],[2,0,6,7,2,3,1,9,7],[26,0,1,2,3,4,1],[27,0,1,1],[4,2,3,4,2],[4,3,1],[4,0,3,5,2],[8,0,3,4,1,7,5],[8,0,3,4,2,1,7,6],[8,0,1,7,3],[8,0,2,1,7,8,4],[30,0,1,2,3,4,1],[32,0,1,1],[3,0,1,2,9,10,4],[3,0,1,2,9,4],[3,0,1,2,4,3,9,6],[3,0,1,2,3,9,11,5],[35,0,1,1],[16,0,1,2,3,4,5,5],[16,0,1,2,3,4,5,6,5],[36,0,1,2,3,2],[37,0,1,2,3,4,1],[38,0,1,2,2],[39,0,1,2,3,4,6],[40,1],[41,0,1],[42,1],[43,0,1],[44,0,1,2,3,1],[17,0,1,3,2,2],[17,0,1,2,2],[47,0,1,2,2],[48,0,1,2,1],[49,0,1,2,3,4,5,6,6],[50,0,1,2,3,4,5,6,7,8,9,10,11,1]],[[[{"name":"btn_level","rect":{"x":0,"y":5,"width":92,"height":105},"offset":{"x":0,"y":-2.5},"originalSize":{"width":92,"height":110},"rotated":false,"capInsets":[0,0,0,0],"packable":true}],[0],0,[0],[2],[53]],[[{"name":"text_be_vip","rect":{"x":0,"y":0,"width":117,"height":39},"offset":{"x":0,"y":0},"originalSize":{"width":117,"height":39},"rotated":false,"capInsets":[0,0,0,0],"packable":true}],[0],0,[0],[2],[54]],[[{"name":"text_chongzhi","rect":{"x":0,"y":0,"width":118,"height":52},"offset":{"x":0,"y":0},"originalSize":{"width":118,"height":52},"rotated":false,"capInsets":[0,0,0,0],"packable":true}],[0],0,[0],[2],[55]],[[{"name":"text_evolve","rect":{"x":0,"y":0,"width":75,"height":48},"offset":{"x":0,"y":0},"originalSize":{"width":75,"height":48},"rotated":false,"capInsets":[0,0,0,0],"packable":true}],[0],0,[0],[2],[56]],[[{"name":"bg_panel_red","rect":{"x":0,"y":0,"width":564,"height":378},"offset":{"x":0,"y":0},"originalSize":{"width":564,"height":378},"rotated":false,"capInsets":[0,89,0,125],"packable":true}],[0],0,[0],[2],[57]],[[{"name":"att_earth","rect":{"x":0,"y":0,"width":36,"height":36},"offset":{"x":0,"y":0},"originalSize":{"width":36,"height":36},"rotated":false,"capInsets":[0,0,0,0],"packable":true}],[0],0,[0],[2],[58]],[[{"name":"icon_energy","rect":{"x":0,"y":0,"width":55,"height":63},"offset":{"x":0,"y":0},"originalSize":{"width":55,"height":63},"rotated":false,"capInsets":[0,0,0,0],"packable":true}],[0],0,[0],[2],[59]],[[{"name":"b_highlight","rect":{"x":5,"y":6,"width":57,"height":50},"offset":{"x":0.5,"y":-2},"originalSize":{"width":66,"height":58},"rotated":false,"capInsets":[0,0,0,0],"packable":true}],[0],0,[0],[2],[60]],[[{"name":"title_craft","rect":{"x":0,"y":0,"width":130,"height":48},"offset":{"x":0,"y":0},"originalSize":{"width":130,"height":48},"rotated":false,"capInsets":[0,0,0,0],"packable":true}],[0],0,[0],[2],[61]],[[{"name":"text_sm_chongzhi","rect":{"x":0,"y":0,"width":67,"height":28},"offset":{"x":0,"y":0},"originalSize":{"width":67,"height":28},"rotated":false,"capInsets":[0,0,0,0],"packable":true}],[0],0,[0],[2],[62]],[[{"name":"btn_expand_slot","rect":{"x":0,"y":0,"width":131,"height":35},"offset":{"x":0,"y":0},"originalSize":{"width":131,"height":35},"rotated":false,"capInsets":[0,0,0,0],"packable":true}],[0],0,[0],[2],[63]],[[{"name":"btn_sm_blue","rect":{"x":0,"y":0,"width":130,"height":61},"offset":{"x":0,"y":0},"originalSize":{"width":130,"height":61},"rotated":false,"capInsets":[0,0,0,0],"packable":true}],[0],0,[0],[2],[64]],[[{"name":"title_vip","rect":{"x":0,"y":0,"width":51,"height":26},"offset":{"x":0,"y":0},"originalSize":{"width":51,"height":26},"rotated":false,"capInsets":[0,0,0,0],"packable":true}],[0],0,[0],[2],[65]],[[{"name":"ic_jones","rect":{"x":26,"y":31,"width":103,"height":92},"offset":{"x":2.5,"y":-2},"originalSize":{"width":150,"height":150},"rotated":false,"capInsets":[0,0,0,0],"packable":true}],[0],0,[0],[2],[66]],[[{"name":"btn_rongyu","rect":{"x":0,"y":0,"width":83,"height":65},"offset":{"x":0,"y":0},"originalSize":{"width":83,"height":65},"rotated":false,"capInsets":[0,0,0,0],"packable":true}],[0],0,[0],[2],[67]],[[{"name":"title_atk","rect":{"x":0,"y":0,"width":92,"height":44},"offset":{"x":0,"y":0},"originalSize":{"width":92,"height":44},"rotated":false,"capInsets":[0,0,0,0],"packable":true}],[0],0,[0],[2],[68]],[[{"name":"item2","rect":{"x":0,"y":0,"width":167,"height":119},"offset":{"x":0,"y":0},"originalSize":{"width":167,"height":119},"rotated":false,"capInsets":[0,0,0,0],"packable":true}],[0],0,[0],[2],[69]],[[{"name":"btn_home","rect":{"x":2,"y":4,"width":76,"height":106},"offset":{"x":-2,"y":-2},"originalSize":{"width":84,"height":110},"rotated":false,"capInsets":[0,0,0,0],"packable":true}],[0],0,[0],[2],[70]],[[{"name":"bg_shop","rect":{"x":0,"y":0,"width":640,"height":960},"offset":{"x":0,"y":0},"originalSize":{"width":640,"height":960},"rotated":false,"capInsets":[0,0,0,0],"packable":true}],[0],0,[0],[2],[71]],[[{"name":"bg_panel_paper","rect":{"x":0,"y":0,"width":535,"height":184},"offset":{"x":0,"y":0},"originalSize":{"width":535,"height":184},"rotated":false,"capInsets":[0,0,0,0],"packable":true}],[0],0,[0],[2],[72]],[[{"name":"btn_red","rect":{"x":0,"y":0,"width":154,"height":60},"offset":{"x":0,"y":0},"originalSize":{"width":154,"height":60},"rotated":false,"capInsets":[0,0,0,0],"packable":true}],[0],0,[0],[2],[73]],[[{"name":"txt_renwu","rect":{"x":0,"y":0,"width":57,"height":35},"offset":{"x":0,"y":0},"originalSize":{"width":57,"height":35},"rotated":false,"capInsets":[0,0,0,0],"packable":true}],[0],0,[0],[2],[74]],[[{"name":"ic_jingke","rect":{"x":30,"y":34,"width":92,"height":87},"offset":{"x":1,"y":-2.5},"originalSize":{"width":150,"height":150},"rotated":false,"capInsets":[0,0,0,0],"packable":true}],[0],0,[0],[2],[75]],[[{"name":"btn_setting","rect":{"x":5,"y":5,"width":80,"height":105},"offset":{"x":-1,"y":-2.5},"originalSize":{"width":92,"height":110},"rotated":false,"capInsets":[0,0,0,0],"packable":true}],[0],0,[0],[2],[76]],[[{"name":"rare2","rect":{"x":3,"y":9,"width":95,"height":119},"offset":{"x":0.5,"y":-4},"originalSize":{"width":100,"height":129},"rotated":false,"capInsets":[0,0,0,0],"packable":true}],[0],0,[0],[2],[77]],[[{"name":"s_highlight","rect":{"x":5,"y":6,"width":57,"height":50},"offset":{"x":0.5,"y":-2},"originalSize":{"width":66,"height":58},"rotated":false,"capInsets":[0,0,0,0],"packable":true}],[0],0,[0],[2],[78]],[[{"name":"banner_gradient","rect":{"x":0,"y":0,"width":181,"height":33},"offset":{"x":0,"y":0},"originalSize":{"width":181,"height":33},"rotated":false,"capInsets":[0,0,0,0],"packable":true}],[0],0,[0],[2],[79]],[[{"name":"banner_red_long","rect":{"x":0,"y":0,"width":548,"height":62},"offset":{"x":0,"y":0},"originalSize":{"width":548,"height":62},"rotated":false,"capInsets":[0,0,0,0],"packable":true}],[0],0,[0],[2],[80]],[[{"name":"icon_diamond","rect":{"x":0,"y":0,"width":57,"height":53},"offset":{"x":0,"y":0},"originalSize":{"width":57,"height":53},"rotated":false,"capInsets":[0,0,0,0],"packable":true}],[0],0,[0],[2],[81]],[[{"name":"timer_bar","rect":{"x":0,"y":0,"width":194,"height":10},"offset":{"x":0,"y":0},"originalSize":{"width":194,"height":10},"rotated":false,"capInsets":[0,0,0,0],"packable":true}],[0],0,[0],[2],[82]],[[{"name":"btn_liuyan","rect":{"x":0,"y":0,"width":74,"height":63},"offset":{"x":0,"y":0},"originalSize":{"width":74,"height":63},"rotated":false,"capInsets":[0,0,0,0],"packable":true}],[0],0,[0],[2],[83]],[[{"name":"text_duihuan","rect":{"x":0,"y":0,"width":67,"height":28},"offset":{"x":0,"y":0},"originalSize":{"width":67,"height":28},"rotated":false,"capInsets":[0,0,0,0],"packable":true}],[0],0,[0],[2],[84]],[[{"name":"item3","rect":{"x":0,"y":0,"width":167,"height":119},"offset":{"x":0,"y":0},"originalSize":{"width":167,"height":119},"rotated":false,"capInsets":[0,0,0,0],"packable":true}],[0],0,[0],[2],[85]],[[{"name":"btn_renwu","rect":{"x":0,"y":0,"width":74,"height":65},"offset":{"x":0,"y":0},"originalSize":{"width":74,"height":65},"rotated":false,"capInsets":[0,0,0,0],"packable":true}],[0],0,[0],[2],[86]],[[{"name":"bg_gradient_mask","rect":{"x":0,"y":0,"width":640,"height":288},"offset":{"x":0,"y":151.5},"originalSize":{"width":640,"height":591},"rotated":false,"capInsets":[0,0,0,0],"packable":true}],[0],0,[0],[2],[87]],[[{"name":"bg_sub_btns","rect":{"x":0,"y":0,"width":625,"height":130},"offset":{"x":0,"y":0},"originalSize":{"width":625,"height":130},"rotated":false,"capInsets":[0,0,0,0],"packable":true}],[0],0,[0],[2],[88]],[[{"name":"btn_backpack","rect":{"x":0,"y":0,"width":83,"height":66},"offset":{"x":0,"y":0},"originalSize":{"width":83,"height":66},"rotated":false,"capInsets":[0,0,0,0],"packable":true}],[0],0,[0],[2],[89]],[[{"name":"bg_frame","rect":{"x":0,"y":0,"width":610,"height":626},"offset":{"x":0,"y":0},"originalSize":{"width":610,"height":626},"rotated":false,"capInsets":[0,0,0,0],"packable":true}],[0],0,[0],[2],[90]],[[{"name":"bg_status","rect":{"x":0,"y":0,"width":188,"height":54},"offset":{"x":0,"y":0},"originalSize":{"width":188,"height":54},"rotated":false,"capInsets":[0,0,0,0],"packable":true}],[0],0,[0],[2],[91]],[[{"name":"background_png","rect":{"x":0,"y":0,"width":640,"height":960},"offset":{"x":0,"y":0},"originalSize":{"width":640,"height":960},"rotated":false,"capInsets":[0,0,0,0],"packable":true}],[0],0,[0],[2],[92]],[[[79,"Skin-0",1965591131,["RootNode (gltf orientation matrix)/RootNode (model correction matrix)/c2475420cd6847fe9bd9c7a79c391504.fbx/(__autogen 0)/RootNode/(__autogen 0)/_rootJoint","RootNode (gltf orientation matrix)/RootNode (model correction matrix)/c2475420cd6847fe9bd9c7a79c391504.fbx/(__autogen 0)/RootNode/(__autogen 0)/_rootJoint/bones_04","RootNode (gltf orientation matrix)/RootNode (model correction matrix)/c2475420cd6847fe9bd9c7a79c391504.fbx/(__autogen 0)/RootNode/(__autogen 0)/_rootJoint/bones_04/horse_03","RootNode (gltf orientation matrix)/RootNode (model correction matrix)/c2475420cd6847fe9bd9c7a79c391504.fbx/(__autogen 0)/RootNode/(__autogen 0)/_rootJoint/bones_04/horse_03/horse_leg_L_front_00","RootNode (gltf orientation matrix)/RootNode (model correction matrix)/c2475420cd6847fe9bd9c7a79c391504.fbx/(__autogen 0)/RootNode/(__autogen 0)/_rootJoint/bones_04/horse_03/horse_leg_L_back_01","RootNode (gltf orientation matrix)/RootNode (model correction matrix)/c2475420cd6847fe9bd9c7a79c391504.fbx/(__autogen 0)/RootNode/(__autogen 0)/_rootJoint/bones_04/horse_03/horse_neck_02","RootNode (gltf orientation matrix)/RootNode (model correction matrix)/c2475420cd6847fe9bd9c7a79c391504.fbx/(__autogen 0)/RootNode/(__autogen 0)/_rootJoint/bones_04/horse_03/horse_neck_02/horse_head_05","RootNode (gltf orientation matrix)/RootNode (model correction matrix)/c2475420cd6847fe9bd9c7a79c391504.fbx/(__autogen 0)/RootNode/(__autogen 0)/_rootJoint/bones_04/horse_03/horse_tail_06","RootNode (gltf orientation matrix)/RootNode (model correction matrix)/c2475420cd6847fe9bd9c7a79c391504.fbx/(__autogen 0)/RootNode/(__autogen 0)/_rootJoint/bones_04/horse_03/body_07","RootNode (gltf orientation matrix)/RootNode (model correction matrix)/c2475420cd6847fe9bd9c7a79c391504.fbx/(__autogen 0)/RootNode/(__autogen 0)/_rootJoint/bones_04/horse_03/body_07/chest_08","RootNode (gltf orientation matrix)/RootNode (model correction matrix)/c2475420cd6847fe9bd9c7a79c391504.fbx/(__autogen 0)/RootNode/(__autogen 0)/_rootJoint/bones_04/horse_03/body_07/chest_08/arm_L_1_09","RootNode (gltf orientation matrix)/RootNode (model correction matrix)/c2475420cd6847fe9bd9c7a79c391504.fbx/(__autogen 0)/RootNode/(__autogen 0)/_rootJoint/bones_04/horse_03/body_07/chest_08/arm_L_1_09/arm_L_2_010","RootNode (gltf orientation matrix)/RootNode (model correction matrix)/c2475420cd6847fe9bd9c7a79c391504.fbx/(__autogen 0)/RootNode/(__autogen 0)/_rootJoint/bones_04/horse_03/body_07/chest_08/arm_L_1_09/arm_L_2_010/arm_L_3_011","RootNode (gltf orientation matrix)/RootNode (model correction matrix)/c2475420cd6847fe9bd9c7a79c391504.fbx/(__autogen 0)/RootNode/(__autogen 0)/_rootJoint/bones_04/horse_03/body_07/chest_08/head_012","RootNode (gltf orientation matrix)/RootNode (model correction matrix)/c2475420cd6847fe9bd9c7a79c391504.fbx/(__autogen 0)/RootNode/(__autogen 0)/_rootJoint/bones_04/horse_03/body_07/chest_08/head_012/head_up_013","RootNode (gltf orientation matrix)/RootNode (model correction matrix)/c2475420cd6847fe9bd9c7a79c391504.fbx/(__autogen 0)/RootNode/(__autogen 0)/_rootJoint/bones_04/horse_03/body_07/chest_08/arm_R_1_014","RootNode (gltf orientation matrix)/RootNode (model correction matrix)/c2475420cd6847fe9bd9c7a79c391504.fbx/(__autogen 0)/RootNode/(__autogen 0)/_rootJoint/bones_04/horse_03/body_07/chest_08/arm_R_1_014/arm_R_2_015","RootNode (gltf orientation matrix)/RootNode (model correction matrix)/c2475420cd6847fe9bd9c7a79c391504.fbx/(__autogen 0)/RootNode/(__autogen 0)/_rootJoint/bones_04/horse_03/body_07/chest_08/arm_R_1_014/arm_R_2_015/arm_R_3_016","RootNode (gltf orientation matrix)/RootNode (model correction matrix)/c2475420cd6847fe9bd9c7a79c391504.fbx/(__autogen 0)/RootNode/(__autogen 0)/_rootJoint/bones_04/horse_03/body_07/leg_L_1_017","RootNode (gltf orientation matrix)/RootNode (model correction matrix)/c2475420cd6847fe9bd9c7a79c391504.fbx/(__autogen 0)/RootNode/(__autogen 0)/_rootJoint/bones_04/horse_03/body_07/leg_L_1_017/leg_L_2_018","RootNode (gltf orientation matrix)/RootNode (model correction matrix)/c2475420cd6847fe9bd9c7a79c391504.fbx/(__autogen 0)/RootNode/(__autogen 0)/_rootJoint/bones_04/horse_03/body_07/leg_L_1_017/leg_L_2_018/leg_L_3_019","RootNode (gltf orientation matrix)/RootNode (model correction matrix)/c2475420cd6847fe9bd9c7a79c391504.fbx/(__autogen 0)/RootNode/(__autogen 0)/_rootJoint/bones_04/horse_03/body_07/leg_R_1_020","RootNode (gltf orientation matrix)/RootNode (model correction matrix)/c2475420cd6847fe9bd9c7a79c391504.fbx/(__autogen 0)/RootNode/(__autogen 0)/_rootJoint/bones_04/horse_03/body_07/leg_R_1_020/leg_R_2_021","RootNode (gltf orientation matrix)/RootNode (model correction matrix)/c2475420cd6847fe9bd9c7a79c391504.fbx/(__autogen 0)/RootNode/(__autogen 0)/_rootJoint/bones_04/horse_03/body_07/leg_R_1_020/leg_R_2_021/leg_R_3_022","RootNode (gltf orientation matrix)/RootNode (model correction matrix)/c2475420cd6847fe9bd9c7a79c391504.fbx/(__autogen 0)/RootNode/(__autogen 0)/_rootJoint/bones_04/horse_03/horse_leg_R_front_023","RootNode (gltf orientation matrix)/RootNode (model correction matrix)/c2475420cd6847fe9bd9c7a79c391504.fbx/(__autogen 0)/RootNode/(__autogen 0)/_rootJoint/bones_04/horse_03/horse_leg_R_back_024","RootNode (gltf orientation matrix)/RootNode (model correction matrix)/c2475420cd6847fe9bd9c7a79c391504.fbx/(__autogen 0)/RootNode/(__autogen 0)/_rootJoint/bones_04/joint1_025"],[[[7,1,0,0,0,0,1,0,0,0,0,1,0,0,0,0,1],[7,1,0,0,0,0,1,0,0,0,0,1,0,0,0,0,1],[7,6.123234262925839e-17,1,-6.123234262925839e-17,0,0,6.123234262925839e-17,1,0,1,-6.123234262925839e-17,3.7493993930529855e-33,0,-16.73861312866211,-8.51220847552115e-15,-95.05490112304688,1],[7,-0.1379171460866928,0.9464163780212402,-0.29201871156692505,0,0.38765203952789307,0.3228955566883087,0.863402783870697,0,0.9114300608634949,0.005876398645341396,-0.4114130735397339,0,-70.37579345703125,-31.773096084594727,-14.951717376708984,1],[7,0.08341503143310547,0.9480016231536865,-0.30713987350463867,0,-0.39221346378326416,0.3145701289176941,0.8644155263900757,0,0.916084349155426,0.04835914447903633,0.3980588912963867,0,49.35762023925781,-28.742145538330078,-22.33606719970703,1],[7,2.878895581127916e-16,1,1.014140239300059e-16,0,0.3957972824573517,-2.0707824743109707e-16,0.918337881565094,0,0.918337881565094,-2.242404849012289e-16,-0.3957972824573517,0,-131.1417694091797,2.729323623389731e-14,-86.00308990478516,1],[7,2.878895581127916e-16,1,1.014140239300059e-16,0,0.3957972824573517,-2.0707824743109707e-16,0.918337881565094,0,0.918337881565094,-2.242404849012289e-16,-0.3957972824573517,0,-175.83526611328125,3.183656341484119e-14,-90.17678833007812,1],[7,6.123234262925839e-17,1,-6.123234262925839e-17,0,0,6.123234262925839e-17,1,0,1,-6.123234262925839e-17,3.7493993930529855e-33,0,75.07079315185547,4.656315870393444e-15,-121.1122817993164,1],[7,6.123234262925839e-17,1,-6.123234262925839e-17,0,0,6.123234262925839e-17,1,0,1,-6.123234262925839e-17,3.7493993930529855e-33,0,3.552713678800501e-15,-1.0886389310632225e-14,-177.78822326660156,1],[7,6.123234262925839e-17,1,-6.123234262925839e-17,0,0,6.123234262925839e-17,1,0,1,-6.123234262925839e-17,3.7493993930529855e-33,0,3.552713678800501e-15,-1.4875197902326602e-14,-242.93040466308594,1],[7,0.7013869881629944,0.3985631763935089,0.5909345746040344,0,-0.6710376739501953,0.08967430144548416,0.7359802722930908,0,0.24034298956394196,-0.9127463698387146,0.33034729957580566,0,113.90657806396484,-61.60163116455078,-239.85499572753906,1],[7,-0.14545908570289612,0.7934973239898682,0.5909345746040344,0,-0.3055751323699951,-0.6041166186332703,0.7359802722930908,0,0.9409917593002319,-0.07351989299058914,0.33034729957580566,0,76.91696166992188,33.50119400024414,-239.85499572753906,1],[7,-0.14545908570289612,0.7934973239898682,0.5909345746040344,0,-0.3055751323699951,-0.6041166186332703,0.7359802722930908,0,0.9409917593002319,-0.07351989299058914,0.33034729957580566,0,19.964641571044922,33.50119400024414,-239.85499572753906,1],[7,6.123234262925839e-17,1,-6.123234262925839e-17,0,0,6.123234262925839e-17,1,0,1,-6.123234262925839e-17,3.7493993930529855e-33,0,3.552713678800501e-15,-1.9425445342449547e-14,-317.2415771484375,1],[7,2.4101515185843264e-16,1,-3.243682231263801e-16,0,0.3313532769680023,2.2618244028170737e-16,0.9435067772865295,0,0.9435067772865295,-3.34879902001806e-16,-0.3313532769680023,0,-97.00580596923828,-1.0113496818437914e-13,-415.450439453125,1],[7,0.7013869881629944,0.3985631763935089,0.5909345746040344,0,0.6710376739501953,-0.08967430144548416,-0.7359802722930908,0,-0.24034298956394196,0.9127463698387146,-0.33034729957580566,0,-113.9063949584961,61.601627349853516,239.85484313964844,1],[7,-0.14545908570289612,0.7934973239898682,0.5909345746040344,0,0.3055751323699951,0.6041166186332703,-0.7359802722930908,0,-0.9409917593002319,0.07351989299058914,-0.33034729957580566,0,-76.9169692993164,-33.5009651184082,239.8550567626953,1],[7,-0.14545908570289612,0.7934973239898682,0.5909345746040344,0,0.3055751323699951,0.6041166186332703,-0.7359802722930908,0,-0.9409917593002319,0.07351989299058914,-0.33034729957580566,0,-19.96473503112793,-33.500911712646484,239.85536193847656,1],[7,0.08158351480960846,-0.024026596918702126,0.9963768720626831,0,-0.9966601133346558,-0.005546005442738533,0.0814729705452919,0,0.0035683929454535246,-0.9996959567070007,-0.024398814886808395,0,136.3737335205078,-1.5777112245559692,-63.49547576904297,1],[7,0.07834482192993164,-0.03309435397386551,0.9963768720626831,0,-0.9908995032310486,0.10714637488126755,0.0814729705452919,0,-0.10945446789264679,-0.9936923384666443,-0.024398814886808395,0,97.1568374633789,-11.693329811096191,-63.49547576904297,1],[7,1,0,0,0,0,1,0,0,0,0,1,0,0,0,0,1],[7,0.08158351480960846,-0.024026596918702126,0.9963768720626831,0,0.9966601133346558,0.005546005442738533,-0.0814729705452919,0,-0.0035683929454535246,0.9996959567070007,0.024398814886808395,0,-136.37405395507812,1.5777077674865723,63.49553298950195,1],[7,0.07834482192993164,-0.03309435397386551,0.9963768720626831,0,0.9908995032310486,-0.10714637488126755,-0.0814729705452919,0,0.10945446789264679,0.9936923384666443,0.024398814886808395,0,-97.15711212158203,11.693363189697266,63.4954948425293,1],[7,1,0,0,0,0,1,0,0,0,0,1,0,0,0,0,1],[7,-0.1379171460866928,0.9464163780212402,-0.29201871156692505,0,-0.38765203952789307,-0.3228955566883087,-0.863402783870697,0,-0.9114300608634949,-0.005876398645341396,0.4114130735397339,0,70.37580871582031,31.77313804626465,14.95173454284668,1],[7,0.08341503143310547,0.9480016231536865,-0.30713987350463867,0,0.39221346378326416,-0.3145701289176941,-0.8644155263900757,0,-0.916084349155426,-0.04835914447903633,-0.3980588912963867,0,-49.357601165771484,28.742116928100586,22.33609962463379,1],[7,0.06118108704686165,0.9942753314971924,-0.08759786933660507,0,0.8124908208847046,0.0013658804818987846,0.5829723477363586,0,0.5797547101974487,-0.10683935135602951,-0.8077560663223267,0,-223.05943298339844,108.160400390625,-43.059078216552734,1]],8,8,8,8,8,8,8,8,8,8,8,8,8,8,8,8,8,8,8,8,8,8,8,8,8,8,8]]],0,0,[],[],[]],[[[80,"Material",[{"rasterizerState":{"cullMode":0},"blendState":{"targets":[{}]},"depthStencilState":{}}],[{"USE_TEXTURE":true}],[[[{"metallic":0,"roughness":1},"mainColor",8,[2,1,1,1,1],"emissiveScale",8,[2,0,0,0,1],"mainTexture",6,0]],11]]],0,0,[0,0],[19,11],[93,94]],[[[82],[84,"scene",[-3],[[100,-2,[6,"40XQBTUCxT8Jp1/o9Lgh0Y"],[3],4]],[4,"bf4CEPZVpZAbOIxEUDmEgQ",-1,0]],[90,"horse_03",[[[32,"horse_leg_L_front_00",-4,[4,"89K65njgFY9awyuOlfQqLQ",1,0],[1,41.43938064575195,15.998368263244629,-44.604835510253906]],[19,"horse_leg_L_back_01",-5,[4,"51cifcgZJaDqJsIPU5ASth",1,0],[1,-51.67333984375,16.2701358795166,-47.34711456298828],[3,0.015865642698594903,-0.3266330982361652,0.07187281603874887,0.9422809553594216],[1,4.442594522479947,-38.515898640479996,7.185623069382966]],-6,[19,"horse_tail_06",-7,[4,"2fDHo6fTFTqJ123ifF/jnB",1,0],[1,-91.80940246582031,-2.7755575615628914e-17,26.057376861572266],[3,1.5654792153463988e-20,0.08897828143704713,4.34009422003937e-19,0.996033566418577],[1,-2.638437877658969e-18,10.20966221116455,4.9696169185769776e-17]],-8,[19,"horse_leg_R_front_023",-9,[4,"bd2tBZT4ZdFYprYQ2/rJja",1,0],[1,41.439388275146484,-15.99839973449707,-44.604801177978516],[3,6.123234262925839e-17,1,6.123234262925839e-17,7.632783294297951e-17],[1,-7.0167096047110005e-15,180,7.0167096047110005e-15]],[19,"horse_leg_R_back_024",-10,[4,"cesM+WqOJRTLGIYfuRw9d9",1,0],[1,-51.67331314086914,-16.270099639892578,-47.347103118896484],[3,-0.08139052307694448,0.9405300693086047,0.02400670592480402,0.3289414074729004],[1,-5.718860094428666,141.05159252564198,-7.892036202210283]]],4,4,1,4,1,4,4],[4,"19DTeRvF9cWZLMWuFsqSNU",1,0],[1,-0.025526011362671852,-11.893184661865234,95.25074768066406],[3,-0.026019101373930622,-0.025195981737296962,-0.7048846323795313,0.7083966571795496],[1,-86.1105086404675,-86.04376852831953,-85.83946046718258]],[91,"(__autogen 0)",[[-11,-12,[52,"(__autogen 2)",-13,[4,"f7pyXGJ61WUrHVoLsl1d8D",1,0],[3,-0.7071067811865475,9.813077866773593e-18,-2.943923360032078e-17,0.7071067811865476],[1,-89.99999999999999,-1.590277340731758e-15,-3.1805546814635168e-15]],[52,"knight_full",-14,[4,"72vpionSFaC4FNyK/QVpvp",1,0],[3,-0.7071067811865476,0,0,0.7071067811865476],[1,-90.00000000000003,0,0]]],1,1,4,4],[4,"94Zu3Z2Dhd07Rkrv53ItkL",1,0]],[24,"body_07",2,[-15,-16,-17],[4,"22hEUyUrNaQbxYkOQaokwt",1,0],[1,-15.75064468383789,-0.01833431050181389,96.34754943847656],[3,0.04250494307951629,0.054575732777653437,0.006480860397670743,0.9975834890644968],[1,4.824851044675614,6.220410076523291,1.0067315128604857]],[24,"chest_08",4,[-18,-19,-20],[4,"94wRy7z31Q1KyjirxVX+Ka",1,0],[1,0,0,65.14217376708984],[3,0.018256440246420404,0.013510283634940957,0.0009675869097438374,0.9997415858116557],[1,2.090465286386153,1.5459322965623676,0.1391127489349052]],[92,"bones_04",[[2,[19,"joint1_025",-21,[4,"a6jMbAyTtV5K2hgCUynDH9",1,0],[1,-181.37918090820312,22.29253578186035,186.65782165527344],[3,-0.3627675500347932,0.1929809614295989,-0.5724924844849645,0.7095142059012591],[1,-74.53234389495867,-27.65898449146253,-72.25033125359843]]],1,4],[4,"ddFGB/CGpeKqVTRXCvIXBm",1,0],[3,-0.7071067811865476,0,0,0.7071067811865476],[1,-90.00000000000003,0,0]],[53,"RootNode (gltf orientation matrix)",1,[-22],[4,"01lzikVOFbIIrD5DWa2wVC",1,0],[3,-0.7071067811865475,0,0,0.7071067811865476],[1,-89.99999999999999,0,0]],[33,"RootNode (model correction matrix)",7,[-23],[4,"52w0XQXZ5YHZlDZVZWC4e3",1,0]],[53,"c2475420cd6847fe9bd9c7a79c391504.fbx",8,[-24],[4,"e20YJujGZQ656k3Cvv5tRC",1,0],[3,0.7071067811865475,0,0,0.7071067811865476],[1,89.99999999999999,0,0]],[33,"(__autogen 0)",9,[-25],[4,"27WR1g23NXDIp26k5Pgz7e",1,0]],[33,"RootNode",10,[3],[4,"dcCqzn9a5ew4r98WMRnsOf",1,0]],[33,"_rootJoint",3,[6],[4,"88/MI1kLhfL5I8oSqnAm2b",1,0]],[26,"horse_neck_02",2,[[32,"horse_head_05",-26,[4,"8duWFwWI9XnZOy3Wg0skg4",1,0],[1,44.69350051879883,-1.7763568394002505e-15,4.173702716827393]]],[4,"98O3regjFbYIwLjRdJI15W",1,0],[1,69.654052734375,5.551115123125783e-17,35.83054733276367],[3,0.023357117028427177,-0.2608059288594977,0.060976325107677594,0.9631804609377298],[1,4.42932901359328,-30.535913934987157,6.043244670499809]],[24,"arm_L_1_09",5,[-27],[4,"0bkpFBtoxWdqeeMMTZmRPZ",1,0],[1,-4.367867946624756,86.39816284179688,15.557828903198242],[3,-0.33418962905670274,0.2050369266406823,0.6241278154345374,0.6758266201812405],[1,-90.19727245456373,78.84964337113507,44.95587057619463]],[26,"arm_L_2_010",14,[[19,"arm_L_3_011",-28,[4,"c1jZSEPgJRBYBqj2T0RiOX",1,0],[1,56.95232009887695,0,0],[3,-0.1330936857982965,0.3145368960102268,0.03977533011031999,0.9390263760744376],[1,-15.96140520001345,36.9651444597963,-0.5171347452620403]]],[4,"1b7UQQTQVcqpo/Gf7+0QpE",1,0],[1,56.95232009887695,1.4210854715202004e-14,0],[3,-1.126032737388485e-16,1.0400406309918446e-16,-0.7422215774781351,0.6701545567448367],[1,180,-180,-84.15798937188097]],[26,"head_012",5,[[19,"head_up_013",-29,[4,"b1vvdU4CZSuaE4Zxrt8F3p",1,0],[1,-46.13523483276367,0,106.88189697265625],[3,-0.08677973396720637,-0.21211417685892503,-0.007686755712806901,0.9733538757998825],[1,-9.917899338503695,-24.47885228186628,1.2520443258154863]]],[4,"79ZwA6gM1VkZCRed/xKqOY",1,0],[1,0,3.552713678800501e-15,74.31118774414062],[3,-0.002974923029671843,-0.008767294780186334,0.008455553171843893,0.9999213909081868],[1,-0.3324290204955325,-1.0018916812700294,0.9718942407759841]],[24,"arm_R_1_014",5,[-30],[4,"adHKnYV3haPKVtOcnfofuL",1,0],[1,-4.367869853973389,-86.39820098876953,15.557594299316406],[3,0.9056615311970405,0.3279395892333824,0.23788447733445148,-0.1250751460786173],[1,-153.08549859192374,-37.36451015789243,32.309851011646025]],[26,"arm_R_2_015",17,[[19,"arm_R_3_016",-31,[4,"1ci3KYSmNdwKzg9RHlnG+z",1,0],[1,-56.95223617553711,-0.000054925076256040484,-0.00029895539046265185],[3,0.1996541432675665,0.4577637824603123,0.17951339145069345,0.8475644428794732],[1,11.498085033211503,53.74737492258538,29.149311256082296]]],[4,"28TVjfpPtVVqeyA69FYXh/",1,0],[1,-56.95234680175781,-0.0000875578261911869,-0.0002197673311457038],[3,8.791292716311379e-7,-3.482510568686163e-7,-0.7055299742918865,0.7086800797079],[1,0.009705619503069252,0.009606166508117759,-89.74475156796926]],[24,"leg_L_1_017",4,[-32],[4,"fc+bXSk0FYBoymKQlcK3qh",1,0],[1,-3.6130809783935547,52.10166931152344,-36.70555877685547],[3,-0.5720439534726961,0.28909969236167615,0.31099542874665276,0.7017613030585241],[1,-81.20193309601348,49.98330247493153,6.06943706721442]],[26,"leg_L_2_018",19,[[32,"leg_L_3_019",-33,[4,"e2xYuwpXhWUo/zrX2iug+y",1,0],[1,38.46443557739258,-5.684341886080802e-14,-2.842170943040401e-14]]],[4,"9bclhWx1BXias4QBnQkXXN",1,0],[1,38.5178108215332,-0.9413840770721436,-1.4210854715202004e-14],[3,1.6814806416850238e-17,-3.3951171019158044e-17,0.1805565920315142,0.9835645973061279],[1,2.778807202156887e-15,-4.465644237514454e-15,20.804362773962698]],[24,"leg_R_1_020",4,[-34],[4,"da6ZV7T3BdSq/fvUtgO98G",1,0],[1,-3.6130800247192383,-52.10169982910156,-36.705230712890625],[3,0.45602902900975334,0.5254243031328717,0.5672618763044465,-0.4406594944731324],[1,-93.41167612026486,-101.28886113277201,-1.18732192447247